1,-1,340.829,79.4999,428.491,323.75,0.998128,-1,-1,-1
1,-1,570.789,80.8348,639,284.425,0.998087,-1,-1,-1
1,-1,181.388,89.6698,257.306,335.604,0.996294,-1,-1,-1
1,-1,100.807,87.2512,157.128,311.397,0.995322,-1,-1,-1
1,-1,437.157,94.9248,522.238,332.158,0.994651,-1,-1,-1
1,-1,520.616,113.596,550.821,237.687,0.968336,-1,-1,-1
2,-1,97.0775,83.2642,155.491,315.41,0.998106,-1,-1,-1
2,-1,573.922,81.0864,639,283.446,0.998105,-1,-1,-1
2,-1,349.87,89.174,436.082,330.656,0.998009,-1,-1,-1
2,-1,187.088,87.5556,255.79,326.387,0.997814,-1,-1,-1
2,-1,446.866,96.1759,516.313,322.554,0.997473,-1,-1,-1
2,-1,521.24,107.224,558.49,234.124,0.986026,-1,-1,-1
2,-1,327.722,124.831,352.066,220.916,0.670759,-1,-1,-1
3,-1,349.079,80.7724,443.199,326.714,0.998689,-1,-1,-1
3,-1,566.849,85.1364,639,281.582,0.998396,-1,-1,-1
3,-1,184.93,85.6058,271.228,318.469,0.998192,-1,-1,-1
3,-1,86.7213,98.8494,157.102,311.937,0.997845,-1,-1,-1
3,-1,444.826,82.7449,523.893,308.181,0.995654,-1,-1,-1
3,-1,516.256,114.47,549.643,246.677,0.92989,-1,-1,-1
4,-1,189.043,91.9007,266.56,310.611,0.998407,-1,-1,-1
4,-1,568.979,86.5418,639,278.982,0.998405,-1,-1,-1
4,-1,80.9963,101.928,152.919,323.29,0.998137,-1,-1,-1
4,-1,453.578,85.6511,530.796,316.966,0.997381,-1,-1,-1
4,-1,350.704,76.6974,444.494,322.014,0.99688,-1,-1,-1
4,-1,511.639,109.963,549.103,246.716,0.919178,-1,-1,-1
5,-1,570.654,84.2671,626.024,285.106,0.997947,-1,-1,-1
5,-1,192.449,85.8529,269.409,305.014,0.997057,-1,-1,-1
5,-1,352.022,79.1466,455.465,321.829,0.996507,-1,-1,-1
5,-1,71.1761,102.485,149.123,310.432,0.996449,-1,-1,-1
5,-1,452.187,92.0178,542.457,329.515,0.993838,-1,-1,-1
5,-1,511.966,113.171,554.687,244.856,0.879587,-1,-1,-1
5,-1,319.055,125.825,347.896,223.023,0.688969,-1,-1,-1
6,-1,446.647,78.6826,542.112,321.896,0.998946,-1,-1,-1
6,-1,561.876,85.5521,634.925,288.615,0.998647,-1,-1,-1
6,-1,58.7576,90.2598,143.608,313.008,0.998519,-1,-1,-1
6,-1,357.84,87.3011,456.398,321.135,0.998417,-1,-1,-1
6,-1,206.201,91.141,282.337,310.125,0.9953,-1,-1,-1
6,-1,186.476,84.7366,227.368,260.737,0.7921,-1,-1,-1
6,-1,321.651,104.963,354.478,224.396,0.572598,-1,-1,-1
7,-1,561.278,90.882,632.053,284.538,0.999183,-1,-1,-1
7,-1,463.075,76.7742,543.667,317.175,0.998672,-1,-1,-1
7,-1,52.1129,99.6685,144.936,320.498,0.998654,-1,-1,-1
7,-1,363.678,87.3315,456.358,320.826,0.998325,-1,-1,-1
7,-1,209.527,103.226,289.018,309.273,0.997513,-1,-1,-1
7,-1,177.458,85.642,233.106,257.049,0.994606,-1,-1,-1
8,-1,556.548,92.1538,632.427,286.712,0.998623,-1,-1,-1
8,-1,48.1517,104.746,133.777,324.804,0.998309,-1,-1,-1
8,-1,473.663,82.6675,542.695,321.603,0.998169,-1,-1,-1
8,-1,207.866,99.6997,302.211,320.507,0.997714,-1,-1,-1
8,-1,362.296,81.3088,454.332,313.624,0.996921,-1,-1,-1
8,-1,172.757,81.6272,228.236,259.601,0.991619,-1,-1,-1
9,-1,557.677,95.2909,632.428,284.323,0.999263,-1,-1,-1
9,-1,46.0914,101.342,119.995,314.041,0.998675,-1,-1,-1
9,-1,367.73,88.3972,453.196,322.521,0.998375,-1,-1,-1
9,-1,219.798,107.32,301.911,315.659,0.99816,-1,-1,-1
9,-1,459.93,78.6761,547.553,321.344,0.997752,-1,-1,-1
9,-1,175.331,93.6647,224.365,252.775,0.993369,-1,-1,-1
10,-1,227.066,95.2336,303.702,315.032,0.999305,-1,-1,-1
10,-1,49.924,90.3371,107.423,327.109,0.999097,-1,-1,-1
10,-1,554.311,88.9891,635.336,283.16,0.999025,-1,-1,-1
10,-1,467.814,76.5485,543.59,318.968,0.998301,-1,-1,-1
10,-1,374.351,83.3036,459.105,326.794,0.998113,-1,-1,-1
10,-1,176.575,89.3011,226.647,256.516,0.990916,-1,-1,-1
11,-1,554.035,91.9547,632.25,279.259,0.999457,-1,-1,-1
11,-1,42.1422,101.909,101.123,316.341,0.998456,-1,-1,-1
11,-1,468.559,82.9238,547.126,323.036,0.998145,-1,-1,-1
11,-1,368.409,82.4894,467.711,315.743,0.997806,-1,-1,-1
11,-1,228.29,103.767,309.869,315.461,0.996903,-1,-1,-1
11,-1,174.074,90.6407,227.402,260.62,0.995538,-1,-1,-1
12,-1,233.769,98.1591,316.593,323.474,0.998901,-1,-1,-1
12,-1,561.61,83.6892,631.505,283.562,0.998786,-1,-1,-1
12,-1,377.307,84.2437,464.979,322.407,0.998336,-1,-1,-1
12,-1,29.5807,88.8029,92.9921,307.875,0.997822,-1,-1,-1
12,-1,173.236,91.2729,223.33,253.186,0.996062,-1,-1,-1
12,-1,471.83,91.6358,554.432,322.4,0.995835,-1,-1,-1
13,-1,229.282,84.0016,313.212,314.469,0.999144,-1,-1,-1
13,-1,382.897,76.0137,462.722,316.324,0.998801,-1,-1,-1
13,-1,28.7348,96.497,90.1867,322.048,0.998588,-1,-1,-1
13,-1,557.716,87.3578,628.397,281.145,0.998018,-1,-1,-1
13,-1,470.899,88.1844,548.804,320.03,0.996771,-1,-1,-1
13,-1,176.426,86.1237,229.505,259.154,0.99531,-1,-1,-1
14,-1,377.675,71.8828,476.23,321.432,0.99886,-1,-1,-1
14,-1,29.3636,104.396,91.1672,325.201,0.99833,-1,-1,-1
14,-1,473.36,82.9761,567.379,324.743,0.998139,-1,-1,-1
14,-1,237.248,96.4523,312.775,314.799,0.997419,-1,-1,-1
14,-1,557.041,91.2056,623.96,279.338,0.991016,-1,-1,-1
14,-1,178.358,92.6356,224.18,249.241,0.985108,-1,-1,-1
15,-1,386.461,83.7864,480.041,317.063,0.999426,-1,-1,-1
15,-1,245,96.5816,319.424,311.601,0.998387,-1,-1,-1
15,-1,5.35827,99.2361,92.5038,319.265,0.997268,-1,-1,-1
15,-1,471.78,101.377,565.554,313.323,0.996208,-1,-1,-1
15,-1,546.159,102.889,617.695,276.649,0.994442,-1,-1,-1
15,-1,178.528,97.2639,219.188,251.349,0.947006,-1,-1,-1
15,-1,590.601,101.368,624.96,241.831,0.888385,-1,-1,-1
16,-1,386.558,82.8147,481.373,327.929,0.998765,-1,-1,-1
16,-1,16.5672,91.0276,79.765,322.349,0.99816,-1,-1,-1
16,-1,481.603,94.0299,566.039,317.964,0.996724,-1,-1,-1
16,-1,248.23,98.3124,320.645,305.648,0.994797,-1,-1,-1
16,-1,174.703,88.6001,220.619,257.887,0.992542,-1,-1,-1
16,-1,543.305,99.4637,628.211,266.515,0.985239,-1,-1,-1
17,-1,384.575,82.6382,485.604,321.243,0.998742,-1,-1,-1
17,-1,249.215,97.0587,325.885,305.681,0.998611,-1,-1,-1
17,-1,3.48611,103.343,81.4991,328.708,0.997949,-1,-1,-1
17,-1,479.105,86.4804,562.615,315.374,0.994942,-1,-1,-1
17,-1,540.925,97.9557,618.684,278.248,0.991896,-1,-1,-1
17,-1,173.892,87.9242,223.921,251.896,0.981278,-1,-1,-1
18,-1,389.762,84.7915,477.513,328.812,0.999041,-1,-1,-1
18,-1,255.76,98.8554,328.747,310.151,0.998743,-1,-1,-1
18,-1,3.0369,98.4176,73.6156,320.282,0.997297,-1,-1,-1
18,-1,482.305,85.361,582.379,314.237,0.996049,-1,-1,-1
18,-1,173.422,82.6391,219.543,270.651,0.982079,-1,-1,-1
18,-1,545.487,104.533,631.222,265.518,0.973848,-1,-1,-1
18,-1,559.229,92.3259,591.615,129.641,0.521227,-1,-1,-1
19,-1,394.93,82.3077,480.034,328.043,0.999069,-1,-1,-1
19,-1,253.743,90.0802,335.155,304.698,0.997853,-1,-1,-1
19,-1,485.258,82.5867,594.182,327.942,0.996953,-1,-1,-1
19,-1,2.3352,95.4402,69.33,322.374,0.974388,-1,-1,-1
19,-1,177.551,92.7096,218.815,253.898,0.974311,-1,-1,-1
19,-1,540.471,100.111,627.117,247.505,0.855613,-1,-1,-1
20,-1,383.677,90.1656,494.167,320.407,0.998774,-1,-1,-1
20,-1,260.244,92.7229,342.055,306.547,0.998206,-1,-1,-1
20,-1,493.916,85.9693,592.994,323.629,0.996075,-1,-1,-1
20,-1,177.589,84.2617,230.615,245.899,0.988701,-1,-1,-1
20,-1,1.66929,89.9828,67.6677,330.127,0.988602,-1,-1,-1
20,-1,580.947,115.743,633.494,254.942,0.936239,-1,-1,-1
21,-1,393.552,88.0446,485.983,325.751,0.99891,-1,-1,-1
21,-1,255.296,101.628,335.147,310.222,0.998775,-1,-1,-1
21,-1,501.122,91.2858,589.612,319.576,0.998693,-1,-1,-1
21,-1,0.714073,93.2036,61.1604,339.679,0.982606,-1,-1,-1
21,-1,176.401,84.7576,220.383,254.242,0.981219,-1,-1,-1
21,-1,592.591,116.501,626.381,245.56,0.97482,-1,-1,-1
22,-1,397.912,88.1935,498.978,311.495,0.99891,-1,-1,-1
22,-1,501.226,83.2164,597.102,311.19,0.998247,-1,-1,-1
22,-1,259.457,101.751,343.527,297.122,0.995462,-1,-1,-1
22,-1,593.185,115.681,631.053,247.53,0.986397,-1,-1,-1
22,-1,175.708,87.9317,221.745,248.361,0.979163,-1,-1,-1
22,-1,2.31029,100.859,48.4824,342.585,0.949047,-1,-1,-1
23,-1,505.083,78.1385,596.997,314.133,0.998555,-1,-1,-1
23,-1,408.768,86.5889,496.948,316.695,0.998509,-1,-1,-1
23,-1,275.308,101.049,338.498,309.887,0.998107,-1,-1,-1
23,-1,176.911,83.1803,221.028,246.802,0.981625,-1,-1,-1
23,-1,591.64,111.211,632.308,242.978,0.965347,-1,-1,-1
23,-1,1.90718,116.378,48.2632,331.283,0.712624,-1,-1,-1
24,-1,406.655,76.2298,504.341,312.379,0.998877,-1,-1,-1
24,-1,504.939,79.3457,590.641,307.203,0.998168,-1,-1,-1
24,-1,277.239,93.6267,358.529,308.832,0.997789,-1,-1,-1
24,-1,585.979,108.465,628.853,242.013,0.985868,-1,-1,-1
24,-1,176.881,81.2615,221.349,247.4,0.981755,-1,-1,-1
25,-1,414.468,85.9972,501.311,314.413,0.998346,-1,-1,-1
25,-1,282.812,100.03,349.443,310.3,0.998323,-1,-1,-1
25,-1,511.474,80.7371,595.739,316.344,0.99735,-1,-1,-1
25,-1,175.626,93.6935,222.672,244.95,0.992554,-1,-1,-1
25,-1,576.811,113.898,632.961,246.457,0.958421,-1,-1,-1
26,-1,420.608,83.0714,509.789,310.681,0.998048,-1,-1,-1
26,-1,276.235,100.707,358.299,293.847,0.997793,-1,-1,-1
26,-1,510.53,89.9076,595.111,297.412,0.99612,-1,-1,-1
26,-1,176.256,97.267,222.216,245.397,0.991971,-1,-1,-1
26,-1,578.445,104.952,632.086,254.197,0.918584,-1,-1,-1
27,-1,281.371,92.8424,368.757,298.184,0.998633,-1,-1,-1
27,-1,416.457,77.5451,507.776,320.48,0.998356,-1,-1,-1
27,-1,170.828,87.0045,226.436,243.865,0.992116,-1,-1,-1
27,-1,509.224,90.4577,599.939,300.002,0.97499,-1,-1,-1
27,-1,573.041,99.8006,632.834,257.318,0.850076,-1,-1,-1
28,-1,296.056,92.8359,364.301,304.54,0.999245,-1,-1,-1
28,-1,424.681,83.7113,517.754,312.385,0.995553,-1,-1,-1
28,-1,510.241,98.7799,621.057,304.75,0.994025,-1,-1,-1
28,-1,176.981,96.087,221.312,249.584,0.98763,-1,-1,-1
29,-1,301.206,97.5939,378.801,302.016,0.999058,-1,-1,-1
29,-1,425.645,81.559,510.048,319.018,0.997282,-1,-1,-1
29,-1,502.289,100.991,628.308,310.511,0.98868,-1,-1,-1
29,-1,171.653,83.7414,224.407,254.044,0.967854,-1,-1,-1
29,-1,588.613,132.822,628.186,250.56,0.78036,-1,-1,-1
29,-1,509.567,96.5367,553.348,259.572,0.602867,-1,-1,-1
30,-1,298.442,95.7229,385.595,293.097,0.998478,-1,-1,-1
30,-1,435.789,89.7325,521.747,309.656,0.995264,-1,-1,-1
30,-1,500.865,103.119,629.88,309.81,0.992291,-1,-1,-1
30,-1,172.675,90.0716,224.457,252.525,0.983445,-1,-1,-1
30,-1,597.039,158.19,628.213,245.631,0.886261,-1,-1,-1
30,-1,507.491,93.3425,542.489,193.104,0.754403,-1,-1,-1
31,-1,302.55,91.9077,379.462,297.994,0.999159,-1,-1,-1
31,-1,434.419,87.8827,519.364,313.927,0.995463,-1,-1,-1
31,-1,527.103,100.515,612.801,311.366,0.994956,-1,-1,-1
31,-1,173.127,94.831,225.534,248.822,0.9812,-1,-1,-1
31,-1,597.497,158.541,624.398,246.069,0.864821,-1,-1,-1
31,-1,498.902,86.0324,542.754,188.416,0.781979,-1,-1,-1
31,-1,577.902,114.51,631.201,277.887,0.547697,-1,-1,-1
32,-1,310.721,89.642,380.59,303.977,0.999292,-1,-1,-1
32,-1,530.196,95.7185,616.166,314.385,0.995839,-1,-1,-1
32,-1,173.613,82.8787,225.078,250.777,0.980458,-1,-1,-1
32,-1,439.207,79.8518,526.919,309.772,0.979349,-1,-1,-1
32,-1,495.636,92.5719,537.698,142.21,0.869107,-1,-1,-1
33,-1,312.559,94.0156,386.42,300.821,0.999427,-1,-1,-1
33,-1,539.329,91.2521,620.584,315.173,0.992946,-1,-1,-1
33,-1,438.649,96.329,558.983,297.029,0.982356,-1,-1,-1
33,-1,178.207,89.5912,220.899,259.086,0.955202,-1,-1,-1
33,-1,546.296,93.4837,625.349,164.908,0.636907,-1,-1,-1
33,-1,489.669,90.0404,548.195,142.017,0.605391,-1,-1,-1
34,-1,316.34,96.7414,397.474,295.858,0.998259,-1,-1,-1
34,-1,543.615,84.3664,616.636,313.163,0.993576,-1,-1,-1
34,-1,447.605,100.075,552.349,308.676,0.980819,-1,-1,-1
34,-1,177.998,89.8609,219.551,253.859,0.973977,-1,-1,-1
34,-1,565.236,89.2751,610.603,148.434,0.5422,-1,-1,-1
35,-1,320.704,104.602,400.044,306.136,0.998831,-1,-1,-1
35,-1,451.782,82.7561,545.637,308.785,0.998186,-1,-1,-1
35,-1,549.889,85.7385,637.353,306.889,0.991632,-1,-1,-1
35,-1,176.502,95.596,222.159,246.643,0.977038,-1,-1,-1
36,-1,311.619,100.029,404.453,298.902,0.999185,-1,-1,-1
36,-1,443.118,83.1911,552.556,297.048,0.997848,-1,-1,-1
36,-1,542.987,86.8345,629.57,319.667,0.997407,-1,-1,-1
36,-1,177.852,96.3956,218.618,249.546,0.969365,-1,-1,-1
37,-1,322.431,88.3604,413.061,297.17,0.999231,-1,-1,-1
37,-1,538.946,82.247,632.06,310.307,0.998721,-1,-1,-1
37,-1,445.852,87.2042,544.398,309.343,0.998448,-1,-1,-1
37,-1,170.392,96.7119,224.954,253.796,0.988998,-1,-1,-1
38,-1,333.073,104.458,404.727,294.815,0.999097,-1,-1,-1
38,-1,561.499,87.3,632.207,315.646,0.99764,-1,-1,-1
38,-1,445.587,84.9772,542.54,304.395,0.995918,-1,-1,-1
38,-1,177.61,92.3465,224.977,250.82,0.933489,-1,-1,-1
39,-1,331.4,99.9525,412.216,300.554,0.999241,-1,-1,-1
39,-1,549.489,84.5592,636.241,297.655,0.998682,-1,-1,-1
39,-1,445.325,88.7601,545.357,304.796,0.991712,-1,-1,-1
39,-1,178.426,102.767,223.602,251.804,0.948595,-1,-1,-1
40,-1,344.641,98.9502,405.469,295.399,0.99839,-1,-1,-1
40,-1,560.447,83.7274,633.029,303.7,0.998165,-1,-1,-1
40,-1,454.813,83.0841,552.302,299.259,0.996611,-1,-1,-1
40,-1,176.252,95.7199,226.461,261.152,0.944359,-1,-1,-1
40,-1,454.027,100.287,485.694,234.06,0.65429,-1,-1,-1
41,-1,560.06,87.2494,634.877,309.121,0.998876,-1,-1,-1
41,-1,347.188,91.372,416.035,305.722,0.997703,-1,-1,-1
41,-1,461.5,90.2104,555.863,300.89,0.997331,-1,-1,-1
41,-1,169.535,91.6268,224.684,249.128,0.970615,-1,-1,-1
41,-1,443.676,103.161,476.381,231.541,0.926193,-1,-1,-1
42,-1,559.356,88.6204,632.306,303.74,0.999204,-1,-1,-1
42,-1,351.204,99.5306,416.098,299.934,0.99907,-1,-1,-1
42,-1,463.41,92.4935,557.025,307.325,0.997474,-1,-1,-1
42,-1,171.054,91.8726,226.159,246.523,0.982399,-1,-1,-1
42,-1,441.543,110.478,469.973,231.243,0.976143,-1,-1,-1
43,-1,562.781,87.0513,635.258,313.3,0.999191,-1,-1,-1
43,-1,357.634,101.005,418.767,294.828,0.998569,-1,-1,-1
43,-1,466.037,80.0393,557.833,297.856,0.994492,-1,-1,-1
43,-1,439.519,115.962,470.353,239.503,0.976711,-1,-1,-1
43,-1,175.604,91.9786,228.607,253.494,0.975133,-1,-1,-1
44,-1,565.592,89.2264,639,315.924,0.998843,-1,-1,-1
44,-1,357.532,95.426,419.376,291.588,0.998035,-1,-1,-1
44,-1,457.789,92.0847,557.899,295.628,0.997401,-1,-1,-1
44,-1,173.493,96.1817,218.747,249.5,0.97567,-1,-1,-1
44,-1,438.204,116.607,473.493,244.884,0.974374,-1,-1,-1
45,-1,571.101,95.3376,639,312.881,0.999003,-1,-1,-1
45,-1,360.929,95.1499,427.926,300.203,0.996246,-1,-1,-1
45,-1,467.876,90.3959,563.524,315.256,0.991003,-1,-1,-1
45,-1,434.752,111.056,474.221,248.658,0.977156,-1,-1,-1
45,-1,173.401,92.5143,219.716,255.469,0.964553,-1,-1,-1
46,-1,358.634,103.941,429.652,285.506,0.9977,-1,-1,-1
46,-1,567.547,91.5333,632.432,321.154,0.99662,-1,-1,-1
46,-1,460.199,89.5727,569.83,309.615,0.99276,-1,-1,-1
46,-1,169.244,84.5191,224.141,247.023,0.988023,-1,-1,-1
46,-1,431.7,110.895,472.175,255.207,0.979612,-1,-1,-1
47,-1,571.201,83.0046,639,321.986,0.997412,-1,-1,-1
47,-1,369.554,102.559,438.917,290.546,0.997325,-1,-1,-1
47,-1,467.203,83.4581,564.378,317.645,0.985609,-1,-1,-1
47,-1,431.045,98.2386,467.96,270.72,0.945787,-1,-1,-1
47,-1,178.435,94.5132,225.803,250.467,0.938029,-1,-1,-1
48,-1,363.237,105.8,446.937,294.779,0.996548,-1,-1,-1
48,-1,577.662,80.9867,638.453,320.084,0.996204,-1,-1,-1
48,-1,462.009,93.1023,578.614,315.202,0.992148,-1,-1,-1
48,-1,167.134,92.6244,222.743,247.97,0.985998,-1,-1,-1
48,-1,439.735,94.8642,479.548,278.871,0.683541,-1,-1,-1
49,-1,378.607,102.35,439.39,288.614,0.996633,-1,-1,-1
49,-1,581.819,58.4738,639,325.951,0.992311,-1,-1,-1
49,-1,477.46,90.6719,585.327,319.304,0.990201,-1,-1,-1
49,-1,176.793,90.3014,224.875,248.194,0.964544,-1,-1,-1
49,-1,452.769,99.5843,504.156,283.617,0.923665,-1,-1,-1
50,-1,380.052,103.278,451.44,291.231,0.99863,-1,-1,-1
50,-1,483.65,105.206,586.625,304.741,0.995106,-1,-1,-1
50,-1,447.892,92.2306,500.474,297.608,0.981021,-1,-1,-1
50,-1,170.531,89.031,224.132,256.52,0.9783,-1,-1,-1
50,-1,579.516,48.3555,634.37,331.252,0.943915,-1,-1,-1
51,-1,381.553,108.356,453.811,285.02,0.998588,-1,-1,-1
51,-1,491.323,91.5308,595.486,312.739,0.998205,-1,-1,-1
51,-1,588.024,76.0609,639,328.086,0.985749,-1,-1,-1
51,-1,449.574,92.8305,496.096,285.205,0.982836,-1,-1,-1
51,-1,174.537,96.8375,217.562,252.786,0.950515,-1,-1,-1
52,-1,492.962,90.2753,589.905,306.701,0.997815,-1,-1,-1
52,-1,381.979,103.115,462.118,284.61,0.996576,-1,-1,-1
52,-1,434.347,100.566,496.099,274.1,0.98768,-1,-1,-1
52,-1,581.271,76.5527,632.465,315.963,0.970225,-1,-1,-1
52,-1,175.857,95.5257,215.657,255.739,0.920304,-1,-1,-1
53,-1,503.931,90.5428,590.157,305.581,0.996665,-1,-1,-1
53,-1,386.605,101.434,490.918,283.452,0.991642,-1,-1,-1
53,-1,584.402,64.402,634.953,301.607,0.97136,-1,-1,-1
53,-1,173.789,96.5741,218.696,251.264,0.941516,-1,-1,-1
54,-1,504.035,92.3046,601.985,300.896,0.996151,-1,-1,-1
54,-1,389.153,88.7795,483.989,283.001,0.994718,-1,-1,-1
54,-1,587.081,81.1729,635.214,278.148,0.978948,-1,-1,-1
54,-1,173.635,94.6802,219.09,263.901,0.807339,-1,-1,-1
54,-1,452.821,97.7998,498.4,277.056,0.659541,-1,-1,-1
55,-1,511.561,88.8258,608.478,310.548,0.997879,-1,-1,-1
55,-1,400.129,104.153,481.071,290.251,0.996397,-1,-1,-1
55,-1,173.428,97.9461,216.501,245.059,0.974979,-1,-1,-1
55,-1,595.69,98.0339,632.044,254.432,0.9091,-1,-1,-1
56,-1,395.666,92.1925,497.622,287.905,0.998756,-1,-1,-1
56,-1,509.725,86.0054,605.922,303.318,0.998236,-1,-1,-1
56,-1,175.064,99.8905,223.048,263.737,0.966825,-1,-1,-1
56,-1,587.352,92.15,630.137,252.121,0.911645,-1,-1,-1
57,-1,406.934,86.2656,490.772,288.037,0.999216,-1,-1,-1
57,-1,516.468,96.6742,601.933,302.023,0.997397,-1,-1,-1
57,-1,171.185,96.5845,219.182,253.739,0.978026,-1,-1,-1
57,-1,597.752,182.627,626.546,255.115,0.932195,-1,-1,-1
57,-1,584.732,110.813,637.337,204.737,0.907053,-1,-1,-1
58,-1,405.696,96.6223,493.852,292.65,0.999168,-1,-1,-1
58,-1,519.278,86.1362,600.671,295.642,0.998399,-1,-1,-1
58,-1,177.416,86.0764,224.307,241.298,0.981488,-1,-1,-1
58,-1,597.954,177.427,625.233,252.797,0.938758,-1,-1,-1
58,-1,593.723,113.832,625.789,199.005,0.782958,-1,-1,-1
59,-1,398.963,101.811,494.993,295.276,0.998539,-1,-1,-1
59,-1,529.104,89.686,611.916,304.96,0.998504,-1,-1,-1
59,-1,172.22,92.276,220.067,247.072,0.983753,-1,-1,-1
59,-1,592.47,166.094,625.082,252.193,0.928022,-1,-1,-1
59,-1,597.94,118.709,626.796,198.684,0.631028,-1,-1,-1
60,-1,405.667,93.7675,498.981,287.55,0.998854,-1,-1,-1
60,-1,530.805,92.5121,608.214,294.831,0.998769,-1,-1,-1
60,-1,176.448,84.6,225.333,245.365,0.979161,-1,-1,-1
60,-1,595.474,182.22,626.504,252.246,0.818526,-1,-1,-1
61,-1,404.221,93.5537,495.084,290.412,0.99905,-1,-1,-1
61,-1,543.61,103.986,616.41,289.139,0.995921,-1,-1,-1
61,-1,169.149,92.1938,218.807,244.656,0.984891,-1,-1,-1
61,-1,594.891,185.149,623.567,247.657,0.854083,-1,-1,-1
62,-1,406.513,97.325,486.724,292.812,0.998707,-1,-1,-1
62,-1,543.701,97.3062,610.502,294.849,0.992058,-1,-1,-1
62,-1,175.398,83.7596,226.154,242.366,0.960469,-1,-1,-1
62,-1,593.798,187.791,621.616,245.345,0.874247,-1,-1,-1
63,-1,542.369,86.8525,617.255,297.889,0.997854,-1,-1,-1
63,-1,418.602,92.4029,491.274,297.266,0.996277,-1,-1,-1
63,-1,169.695,85.7384,225.9,241.644,0.983429,-1,-1,-1
63,-1,396.682,141.288,433.859,278.205,0.616993,-1,-1,-1
63,-1,584.184,149.21,624.212,251.679,0.605965,-1,-1,-1
64,-1,419.859,102.04,505.628,291.668,0.995122,-1,-1,-1
64,-1,546.772,90.6983,621.103,288.547,0.994192,-1,-1,-1
64,-1,176.073,88.2184,224.309,236.127,0.926886,-1,-1,-1
64,-1,397.064,103.2,447.784,279.002,0.844622,-1,-1,-1
65,-1,547.792,92.7578,625.077,298.579,0.995111,-1,-1,-1
65,-1,427.243,99.2067,501.922,283.39,0.992266,-1,-1,-1
65,-1,169.167,79.5878,221.625,247.303,0.984753,-1,-1,-1
65,-1,401.804,84.4283,457.126,276.956,0.957244,-1,-1,-1
66,-1,549.706,92.4637,626.043,299.631,0.995941,-1,-1,-1
66,-1,382.437,103.389,489.702,278.309,0.991113,-1,-1,-1
66,-1,166.747,82.848,222.449,245.89,0.990127,-1,-1,-1
66,-1,606.421,178.605,636.567,249.191,0.834255,-1,-1,-1
67,-1,551.506,95.3813,630.644,293.693,0.998255,-1,-1,-1
67,-1,395.857,91.4643,459.397,284.085,0.995168,-1,-1,-1
67,-1,444.306,95.0591,501.149,287.229,0.994886,-1,-1,-1
67,-1,170.06,91.2252,219.887,254.905,0.978451,-1,-1,-1
67,-1,600.917,177.304,629.003,256.694,0.843607,-1,-1,-1
68,-1,556.165,84.561,630.702,288.509,0.997748,-1,-1,-1
68,-1,443.886,94.3288,510.063,279.73,0.996019,-1,-1,-1
68,-1,394.535,88.276,445.659,277.067,0.995135,-1,-1,-1
68,-1,172.104,91.0431,219.54,249.12,0.990032,-1,-1,-1
69,-1,550.109,93.6216,636.51,294.587,0.999121,-1,-1,-1
69,-1,450.632,96.5126,503.034,279.168,0.997084,-1,-1,-1
69,-1,381.348,95.8281,448.376,280.972,0.994318,-1,-1,-1
69,-1,175.502,84.2553,223.532,256.749,0.899609,-1,-1,-1
70,-1,557.365,101.077,637.318,290.654,0.999054,-1,-1,-1
70,-1,380.593,94.5981,440.33,279.883,0.998445,-1,-1,-1
70,-1,452.624,97.3927,505.185,289.495,0.997524,-1,-1,-1
70,-1,167.599,94.7115,215.035,261.288,0.931522,-1,-1,-1
71,-1,559.958,91.5302,639,300.288,0.999471,-1,-1,-1
71,-1,390.046,79.4493,441.969,273.476,0.997625,-1,-1,-1
71,-1,452.316,96.2064,509.853,282.344,0.996851,-1,-1,-1
71,-1,168.791,90.213,214.997,250.082,0.82502,-1,-1,-1
72,-1,562.331,85.5532,639,300.29,0.998985,-1,-1,-1
72,-1,455.939,95.0239,509.417,286.852,0.996509,-1,-1,-1
72,-1,386.517,103.517,444.673,279.295,0.99615,-1,-1,-1
72,-1,174.823,87.5252,222.242,254.551,0.685373,-1,-1,-1
73,-1,558.265,82.3983,638.233,299.16,0.998766,-1,-1,-1
73,-1,457.479,96.5395,519.943,278.776,0.998221,-1,-1,-1
73,-1,387.341,90.1536,440.951,274.306,0.996853,-1,-1,-1
73,-1,178.629,85.9112,222.284,249.34,0.911242,-1,-1,-1
74,-1,462.402,96.3309,532.165,278.554,0.998259,-1,-1,-1
74,-1,380.453,98.4044,439.404,274.354,0.998129,-1,-1,-1
74,-1,566.84,76.7546,639,300.413,0.997787,-1,-1,-1
74,-1,172.543,86.6772,223.504,250.797,0.951585,-1,-1,-1
75,-1,380.121,100.611,439.825,275.325,0.998796,-1,-1,-1
75,-1,464.164,97.3128,527.651,276.295,0.997469,-1,-1,-1
75,-1,559.704,84.2386,639,296.335,0.995,-1,-1,-1
75,-1,173.331,90.6944,226.093,247.658,0.970819,-1,-1,-1
76,-1,466.552,103.905,526.818,285.269,0.998396,-1,-1,-1
76,-1,373.288,98.796,440.739,266.679,0.99826,-1,-1,-1
76,-1,558.401,83.3516,639,296.064,0.996342,-1,-1,-1
76,-1,170.551,75.132,226.073,247.866,0.981467,-1,-1,-1
77,-1,468.054,97.3825,529.088,273.494,0.998556,-1,-1,-1
77,-1,371.597,95.8445,438.36,275.808,0.998547,-1,-1,-1
77,-1,564.467,102.725,639,296.163,0.997838,-1,-1,-1
77,-1,183.222,82.215,231.773,254.167,0.986723,-1,-1,-1
78,-1,373.24,103.458,434.221,272.43,0.998386,-1,-1,-1
78,-1,462.863,100.174,545.221,272.576,0.998205,-1,-1,-1
78,-1,565.624,102.169,636.085,296.246,0.991826,-1,-1,-1
78,-1,175.582,84.3473,231.165,246.368,0.980774,-1,-1,-1
78,-1,561.203,100.467,597.339,229.651,0.826771,-1,-1,-1
79,-1,467.636,105.398,536.268,276.238,0.998886,-1,-1,-1
79,-1,371.417,107.146,433.021,275.712,0.99565,-1,-1,-1
79,-1,175.879,85.4594,226.051,247.403,0.987969,-1,-1,-1
79,-1,555.755,89.5137,638.382,286.964,0.9876,-1,-1,-1
79,-1,555.637,101.26,587.39,221.096,0.912748,-1,-1,-1
80,-1,479.866,92.8912,546.373,269.358,0.998622,-1,-1,-1
80,-1,177.882,87.9318,230.183,256.534,0.993442,-1,-1,-1
80,-1,374.045,106.786,425.032,269.578,0.991909,-1,-1,-1
80,-1,574.006,103.33,635.313,296.906,0.968992,-1,-1,-1
80,-1,554.195,102.54,592.878,222.339,0.955312,-1,-1,-1
81,-1,485.323,92.663,548.786,273.75,0.99836,-1,-1,-1
81,-1,370.271,107.062,429.825,271.164,0.995233,-1,-1,-1
81,-1,180.731,83.4888,233.303,250.739,0.994756,-1,-1,-1
81,-1,573.332,102.057,635.348,291.424,0.988039,-1,-1,-1
81,-1,552.433,99.1239,591.2,215.196,0.860672,-1,-1,-1
82,-1,476.508,91.3676,547.484,266.709,0.998876,-1,-1,-1
82,-1,170.45,87.735,241.294,257.738,0.990438,-1,-1,-1
82,-1,368.261,107.784,425.305,266.868,0.984034,-1,-1,-1
82,-1,579.125,94.422,635.635,289.75,0.971292,-1,-1,-1
82,-1,568.764,110.465,599.309,268.578,0.873962,-1,-1,-1
82,-1,552.713,106.922,583.628,185.839,0.689068,-1,-1,-1
83,-1,487.008,94.7145,554.112,273.957,0.998083,-1,-1,-1
83,-1,172.284,89.3095,234.443,255.188,0.993276,-1,-1,-1
83,-1,367.128,110.127,430.957,266.126,0.986935,-1,-1,-1
83,-1,575.611,107.769,631.153,286.685,0.952642,-1,-1,-1
83,-1,550.375,105.789,578.199,183.622,0.642854,-1,-1,-1
83,-1,602.348,95.2692,639,222.879,0.541627,-1,-1,-1
84,-1,489.833,108.417,554.358,276.365,0.99707,-1,-1,-1
84,-1,175.723,91.3069,235.825,255.345,0.993839,-1,-1,-1
84,-1,354.313,98.7853,424.36,252.585,0.980482,-1,-1,-1
84,-1,555.258,133.083,611.926,277.353,0.97551,-1,-1,-1
84,-1,398.774,115.644,438.767,243.34,0.914203,-1,-1,-1
84,-1,597.589,82.626,638.709,301.647,0.788266,-1,-1,-1
84,-1,555.148,109.493,583.317,161.227,0.529906,-1,-1,-1
85,-1,493.334,110.302,555.069,275.993,0.997696,-1,-1,-1
85,-1,176.803,89.24,236.263,252.051,0.994839,-1,-1,-1
85,-1,557.4,116.035,611.783,282.366,0.987457,-1,-1,-1
85,-1,361.438,104.867,414.167,262.913,0.976749,-1,-1,-1
85,-1,394.324,108.832,440.202,245.749,0.957929,-1,-1,-1
85,-1,607.787,93.4014,639,268.916,0.87808,-1,-1,-1
86,-1,496.287,103.16,564.733,279.695,0.997189,-1,-1,-1
86,-1,177.865,84.5196,239.966,247.175,0.995762,-1,-1,-1
86,-1,391.555,111.035,443.278,245.812,0.991345,-1,-1,-1
86,-1,554.404,118.832,599.939,267.707,0.991284,-1,-1,-1
86,-1,351.263,101.709,407.95,272.661,0.989668,-1,-1,-1
86,-1,613.118,96.0851,639,191.625,0.903711,-1,-1,-1
87,-1,180.838,86.6234,241.369,248.707,0.995649,-1,-1,-1
87,-1,352.526,96.5251,408.936,268.637,0.992288,-1,-1,-1
87,-1,498.224,104.485,571.116,269.03,0.992208,-1,-1,-1
87,-1,394.642,115.311,440.916,242.063,0.991009,-1,-1,-1
87,-1,551.804,113.592,601.986,267.329,0.978907,-1,-1,-1
87,-1,612.038,104.41,639,188.24,0.763133,-1,-1,-1
87,-1,570.565,116.717,602.91,186.937,0.705992,-1,-1,-1
87,-1,458.476,156.226,495.275,237.493,0.546795,-1,-1,-1
88,-1,505.628,110.352,604.597,264.91,0.996913,-1,-1,-1
88,-1,344.165,97.6416,407.885,276.499,0.995989,-1,-1,-1
88,-1,176.164,88.5958,233.486,253.92,0.994494,-1,-1,-1
88,-1,399.572,105.576,442.256,238.745,0.979169,-1,-1,-1
88,-1,566.858,112.421,599.114,190.384,0.819371,-1,-1,-1
88,-1,612.471,94.3627,639,189.734,0.651939,-1,-1,-1
89,-1,181.204,88.9371,240.06,252.922,0.996199,-1,-1,-1
89,-1,507.732,103.49,596.269,280.842,0.995748,-1,-1,-1
89,-1,347.038,97.0704,402.426,275.487,0.995722,-1,-1,-1
89,-1,397.726,113.87,439.123,249.476,0.992466,-1,-1,-1
89,-1,555.917,103.454,597.975,200.577,0.856157,-1,-1,-1
90,-1,509.811,106.725,596.264,274.761,0.998969,-1,-1,-1
90,-1,181.189,82.4186,242.698,254.418,0.994835,-1,-1,-1
90,-1,345.621,99.9206,402.766,266.393,0.994052,-1,-1,-1
90,-1,399.194,111.621,438.971,246.539,0.993413,-1,-1,-1
90,-1,464.497,163.539,502.161,227.27,0.640311,-1,-1,-1
91,-1,516.01,99.4043,596.363,275.402,0.999034,-1,-1,-1
91,-1,342.907,89.2626,393.71,264.199,0.997249,-1,-1,-1
91,-1,397.748,109.873,437.801,244.148,0.992732,-1,-1,-1
91,-1,182.065,83.0425,243.93,247.159,0.973058,-1,-1,-1
92,-1,516.383,94.2755,597.833,260.519,0.999318,-1,-1,-1
92,-1,396.463,116.99,439.039,240.905,0.994193,-1,-1,-1
92,-1,336.961,100.701,399.536,268.342,0.993684,-1,-1,-1
92,-1,176.702,84.0286,238.048,242.997,0.966732,-1,-1,-1
93,-1,522.278,90.9007,597.431,275.773,0.998722,-1,-1,-1
93,-1,328.734,109.638,407.161,263.367,0.99665,-1,-1,-1
93,-1,183.394,87.0894,243.585,255.15,0.992475,-1,-1,-1
93,-1,393.655,101.944,436.762,240.862,0.976917,-1,-1,-1
94,-1,527.207,92.1148,594.221,278.125,0.998372,-1,-1,-1
94,-1,182.076,80.9314,244.142,247.98,0.996812,-1,-1,-1
94,-1,322.773,105.295,405.188,260.931,0.996186,-1,-1,-1
94,-1,391.215,114.585,441.929,236.483,0.989261,-1,-1,-1
94,-1,464.091,164.147,509.628,242.665,0.524315,-1,-1,-1
95,-1,519.418,100.625,607.222,270.645,0.998631,-1,-1,-1
95,-1,328.521,108.974,388.567,273.244,0.994826,-1,-1,-1
95,-1,391.625,108.641,433.668,244.489,0.994466,-1,-1,-1
95,-1,189.167,84.5096,240.673,247.247,0.992884,-1,-1,-1
96,-1,526.564,97.6387,596.606,268.61,0.998902,-1,-1,-1
96,-1,328.384,113.831,384.664,264.814,0.994769,-1,-1,-1
96,-1,395.121,110.898,433.573,239.959,0.994695,-1,-1,-1
96,-1,182.263,77.477,244.466,250.132,0.99128,-1,-1,-1
96,-1,463.846,161.93,506.237,241.921,0.545536,-1,-1,-1
97,-1,317.096,100.481,399.367,262.74,0.996894,-1,-1,-1
97,-1,185.437,82.8441,243.19,251.896,0.996678,-1,-1,-1
97,-1,516.037,109.719,609.597,264.338,0.996613,-1,-1,-1
97,-1,401.166,110.787,434.687,239.06,0.994986,-1,-1,-1
98,-1,186.565,87.6666,243.068,249.232,0.99789,-1,-1,-1
98,-1,395.082,105.656,439.787,237.204,0.995791,-1,-1,-1
98,-1,511.986,117.225,616.019,262.697,0.995605,-1,-1,-1
98,-1,318.556,98.3817,394.612,262.133,0.995354,-1,-1,-1
99,-1,187.18,87.4217,243.498,246.919,0.997715,-1,-1,-1
99,-1,319.08,91.5592,391.555,259.802,0.994632,-1,-1,-1
99,-1,392.057,112.846,437.01,243.854,0.9875,-1,-1,-1
99,-1,548.678,110.899,612.31,267.841,0.984645,-1,-1,-1
99,-1,510.682,123.207,561.324,273.088,0.978864,-1,-1,-1
100,-1,186.729,89.0914,243.526,247.383,0.997586,-1,-1,-1
100,-1,390,112.814,436.919,244.048,0.994805,-1,-1,-1
100,-1,322.991,86.6939,378.861,280.112,0.993529,-1,-1,-1
100,-1,547.049,101.767,609.563,276.481,0.992503,-1,-1,-1
100,-1,509.961,143.557,563.113,269.374,0.951881,-1,-1,-1
101,-1,188.184,89.8332,243.331,252.367,0.996896,-1,-1,-1
101,-1,321.724,90.731,376.46,260.591,0.99685,-1,-1,-1
101,-1,539.214,108.788,619.36,266.894,0.991223,-1,-1,-1
101,-1,391.096,101.901,434.362,249.153,0.986933,-1,-1,-1
101,-1,505.701,139.32,558.189,265.377,0.982888,-1,-1,-1
101,-1,469.593,166.177,501.667,218.399,0.762155,-1,-1,-1
102,-1,540.918,100.276,627.498,269.687,0.996113,-1,-1,-1
102,-1,190.749,94.7635,240.447,251.909,0.995455,-1,-1,-1
102,-1,389.11,112.147,440.586,239.224,0.993499,-1,-1,-1
102,-1,312.423,92.457,375.993,268.231,0.988851,-1,-1,-1
102,-1,503.786,130.41,556.107,271.79,0.981933,-1,-1,-1
102,-1,468.736,165.798,506.343,233.131,0.701026,-1,-1,-1
103,-1,385.642,103.295,437.178,237.103,0.996892,-1,-1,-1
103,-1,557.891,100.17,618.642,274.919,0.996272,-1,-1,-1
103,-1,191.203,94.9586,239.947,257.083,0.996153,-1,-1,-1
103,-1,495.301,139.229,547.273,271.062,0.992205,-1,-1,-1
103,-1,312.435,96.326,377.423,265.527,0.987853,-1,-1,-1
103,-1,467.384,168.42,497.192,224.34,0.672577,-1,-1,-1
104,-1,187.856,87.8561,239.877,250.628,0.997681,-1,-1,-1
104,-1,382.881,108.998,442.474,239.841,0.996788,-1,-1,-1
104,-1,561.888,95.427,618.949,280.697,0.995157,-1,-1,-1
104,-1,312,87.0747,376.536,257.833,0.993677,-1,-1,-1
104,-1,491.512,134.453,553.335,258.996,0.992156,-1,-1,-1
105,-1,382.893,105.504,443.97,242.943,0.99764,-1,-1,-1
105,-1,185.44,90.4191,241.075,247.228,0.997163,-1,-1,-1
105,-1,579.145,93.3306,624.58,278.51,0.996369,-1,-1,-1
105,-1,492.718,112.56,546.907,275.968,0.992631,-1,-1,-1
105,-1,312.243,66.5203,370.426,260.17,0.951559,-1,-1,-1
106,-1,381.54,112.126,436.015,242.419,0.998667,-1,-1,-1
106,-1,582.795,96.0158,632.072,272.721,0.997513,-1,-1,-1
106,-1,185.953,89.5757,239.387,249.902,0.997092,-1,-1,-1
106,-1,481.75,121.298,561.22,258.264,0.985526,-1,-1,-1
106,-1,320.735,78.5631,365.269,256.224,0.97126,-1,-1,-1
107,-1,380.174,111.707,433.972,244.342,0.998552,-1,-1,-1
107,-1,187.233,96.7451,238.515,260.081,0.997843,-1,-1,-1
107,-1,577.221,95.8581,631.565,273.596,0.99696,-1,-1,-1
107,-1,313.022,84.6852,364.581,260.991,0.992029,-1,-1,-1
107,-1,477.075,117.322,550.002,262.967,0.981227,-1,-1,-1
107,-1,525.465,108.343,571.722,251.428,0.699084,-1,-1,-1
108,-1,379.734,112.483,432.861,246.186,0.998389,-1,-1,-1
108,-1,186.99,95.304,238.811,256.466,0.997953,-1,-1,-1
108,-1,580.756,109.192,639,273.077,0.993735,-1,-1,-1
108,-1,465.626,124.778,563.249,253.961,0.992846,-1,-1,-1
108,-1,311.782,84.0546,363.105,261.268,0.991767,-1,-1,-1
109,-1,381.389,111.736,433.724,243.618,0.998273,-1,-1,-1
109,-1,189.161,98.4488,238.803,264.896,0.99731,-1,-1,-1
109,-1,580.087,100.689,637.476,270.845,0.995993,-1,-1,-1
109,-1,473.439,112.593,550.018,263.248,0.992568,-1,-1,-1
109,-1,308.507,56.8251,364.865,271.885,0.988957,-1,-1,-1
109,-1,518.924,123.495,571.616,255.564,0.970515,-1,-1,-1
110,-1,379.236,113.377,435.082,246.096,0.998504,-1,-1,-1
110,-1,183.618,83.1247,246.179,262.603,0.99837,-1,-1,-1
110,-1,578.881,104.708,638.241,273.576,0.994621,-1,-1,-1
110,-1,463.484,125.918,550.361,261.368,0.990075,-1,-1,-1
110,-1,314.44,50.3092,360.068,266.445,0.968489,-1,-1,-1
110,-1,526.735,120.446,567.796,260.308,0.877063,-1,-1,-1
111,-1,182.453,77.8928,245.824,267.019,0.998474,-1,-1,-1
111,-1,381.912,112.434,442.413,243.838,0.998081,-1,-1,-1
111,-1,581.28,104.568,638.882,270.375,0.995521,-1,-1,-1
111,-1,458.554,122.743,539.002,265.032,0.988492,-1,-1,-1
111,-1,516.876,120.432,569.627,259.547,0.984513,-1,-1,-1
111,-1,311.95,67.9269,366.041,266.863,0.960335,-1,-1,-1
112,-1,184.034,83.1293,246.284,259.085,0.998291,-1,-1,-1
112,-1,389.882,113.931,437.86,245.045,0.995288,-1,-1,-1
112,-1,589.842,93.9494,639,277.991,0.992797,-1,-1,-1
112,-1,313.684,66.721,359.802,266.904,0.99172,-1,-1,-1
112,-1,507.804,116.023,569.476,253.218,0.983175,-1,-1,-1
112,-1,455.907,119.589,529.096,261.779,0.98257,-1,-1,-1
113,-1,385.627,115.744,440.692,241.124,0.997839,-1,-1,-1
113,-1,187.627,96.5803,239.356,249.151,0.997607,-1,-1,-1
113,-1,314.322,70.9479,361.639,261.802,0.996364,-1,-1,-1
113,-1,594.293,88.6746,639,277.862,0.988414,-1,-1,-1
113,-1,463.339,123.082,515.228,266.044,0.98515,-1,-1,-1
113,-1,507.513,102.959,559.533,251.302,0.984098,-1,-1,-1
114,-1,188.435,88.0964,238.93,250.967,0.99713,-1,-1,-1
114,-1,389.996,111.686,443.444,244.115,0.995271,-1,-1,-1
114,-1,311.395,83.739,358.861,262.776,0.994722,-1,-1,-1
114,-1,460.468,127.733,508.724,258.96,0.992736,-1,-1,-1
114,-1,517.89,108.156,563.771,237.651,0.983816,-1,-1,-1
114,-1,590.774,101.544,639,273.419,0.981174,-1,-1,-1
115,-1,187.247,88.0157,239.394,254.182,0.996696,-1,-1,-1
115,-1,389.811,120.306,437.633,245.402,0.995628,-1,-1,-1
115,-1,302.155,88.3714,365.263,256.955,0.995614,-1,-1,-1
115,-1,509.724,115.018,565.204,234.218,0.98719,-1,-1,-1
115,-1,456.403,132.184,507.398,269.175,0.986614,-1,-1,-1
115,-1,603.443,103.873,638.211,279.055,0.951871,-1,-1,-1
116,-1,187.138,94.2279,240.47,251.78,0.995761,-1,-1,-1
116,-1,301.404,89.0163,359.829,252.606,0.994131,-1,-1,-1
116,-1,455.192,146.262,508.402,272.519,0.990029,-1,-1,-1
116,-1,513.081,108.777,563.944,243.199,0.989313,-1,-1,-1
116,-1,393.745,118.672,441.164,244.788,0.984959,-1,-1,-1
116,-1,599.009,100.807,637.575,255.587,0.964596,-1,-1,-1
117,-1,185.913,86.9457,244.007,245.145,0.996287,-1,-1,-1
117,-1,391.001,108.344,441.418,246.647,0.995601,-1,-1,-1
117,-1,451.917,122.357,495.975,266.65,0.994242,-1,-1,-1
117,-1,504.56,114.264,557.163,248.589,0.991858,-1,-1,-1
117,-1,309.129,85.5073,364.867,262.046,0.991559,-1,-1,-1
117,-1,599.836,95.6919,639,252.058,0.969586,-1,-1,-1
118,-1,186.338,90.7097,243.676,251.382,0.996356,-1,-1,-1
118,-1,394.534,118.004,439.064,244.699,0.993397,-1,-1,-1
118,-1,505.097,111.296,554.676,257.147,0.99163,-1,-1,-1
118,-1,303.602,89.0109,349.326,257.827,0.9882,-1,-1,-1
118,-1,602.254,89.7134,639,241.695,0.98325,-1,-1,-1
118,-1,451.325,124.173,498.138,269.51,0.981673,-1,-1,-1
119,-1,394.081,111.275,453.756,248.45,0.996209,-1,-1,-1
119,-1,186.472,86.9101,245.569,252.898,0.99575,-1,-1,-1
119,-1,503.992,107.774,554.183,255.472,0.994302,-1,-1,-1
119,-1,443.484,108.092,487.36,265.484,0.99211,-1,-1,-1
119,-1,306.425,83.1608,348.681,261.768,0.986646,-1,-1,-1
119,-1,602.767,94.2366,639,233.561,0.97209,-1,-1,-1
120,-1,190.413,91.7873,246.497,252.178,0.996454,-1,-1,-1
120,-1,302.234,75.4442,349.111,264.886,0.995103,-1,-1,-1
120,-1,392.154,113.048,447.255,244.522,0.994923,-1,-1,-1
120,-1,441.776,109.352,484.815,265.987,0.97577,-1,-1,-1
120,-1,494.836,107.651,545.234,253.642,0.957651,-1,-1,-1
120,-1,604.945,97.0901,639,246.738,0.956337,-1,-1,-1
121,-1,189.536,90.183,246.212,249.218,0.996143,-1,-1,-1
121,-1,392.728,107.89,446.048,245.269,0.994821,-1,-1,-1
121,-1,299.006,80.8708,348.572,266.432,0.991687,-1,-1,-1
121,-1,509.5,112.258,552.844,252.321,0.979858,-1,-1,-1
121,-1,446.316,130.69,482.059,266.509,0.945969,-1,-1,-1
121,-1,606.597,99.9443,639,243.005,0.942052,-1,-1,-1
122,-1,194.2,85.7336,254.594,261.966,0.997269,-1,-1,-1
122,-1,392.32,112.084,441.054,246.295,0.99215,-1,-1,-1
122,-1,495.132,112.572,544.458,239.89,0.989859,-1,-1,-1
122,-1,439.355,118.127,482.035,263.267,0.970851,-1,-1,-1
122,-1,299.936,75.2607,351.439,263.468,0.965127,-1,-1,-1
123,-1,188.199,97.596,249.436,248.443,0.99796,-1,-1,-1
123,-1,294.743,85.5403,350.399,262.071,0.997711,-1,-1,-1
123,-1,391.376,103.69,446.01,248.845,0.992397,-1,-1,-1
123,-1,497.181,105.401,543.032,246.36,0.987136,-1,-1,-1
123,-1,438.314,111.605,479.73,279.486,0.984487,-1,-1,-1
124,-1,291.783,91.3875,352.358,261.805,0.997742,-1,-1,-1
124,-1,190.602,92.0138,248.139,249.427,0.996886,-1,-1,-1
124,-1,392.422,108.583,447.36,242.279,0.995222,-1,-1,-1
124,-1,496.022,110.166,549.466,238.155,0.990072,-1,-1,-1
124,-1,430.812,113.181,477.639,264.102,0.989376,-1,-1,-1
125,-1,192.086,92.9829,249.482,250.665,0.997398,-1,-1,-1
125,-1,296.573,88.9575,350.709,259.585,0.995442,-1,-1,-1
125,-1,424.83,124.503,474.521,265.973,0.994028,-1,-1,-1
125,-1,493.361,115.344,542.777,247.817,0.99271,-1,-1,-1
125,-1,391.269,107.883,443.38,244.895,0.990582,-1,-1,-1
126,-1,193.498,94.5409,252.579,257.63,0.997047,-1,-1,-1
126,-1,291.81,89.9156,352.873,268.799,0.996933,-1,-1,-1
126,-1,486.102,104.951,539.726,262.144,0.993897,-1,-1,-1
126,-1,395.792,123.249,462.238,261.392,0.987156,-1,-1,-1
127,-1,292.129,84.8204,347.177,265.17,0.998537,-1,-1,-1
127,-1,196.404,85.6164,255.814,257.442,0.997375,-1,-1,-1
127,-1,407.754,123.293,464.575,266.229,0.993022,-1,-1,-1
127,-1,478.946,116.754,554.837,254.333,0.990623,-1,-1,-1
127,-1,503.645,155.651,534.914,256.798,0.54588,-1,-1,-1
128,-1,290.191,84.123,349.32,255.836,0.998459,-1,-1,-1
128,-1,194.933,89.7861,253.574,253.112,0.997083,-1,-1,-1
128,-1,404.179,127.407,472.678,262.026,0.995727,-1,-1,-1
128,-1,482.545,107.842,534.809,241.769,0.978366,-1,-1,-1
129,-1,394.915,128.492,474.452,265.756,0.996665,-1,-1,-1
129,-1,195.87,85.9014,253.756,251.606,0.996386,-1,-1,-1
129,-1,286.686,80.4695,354.953,262.234,0.994848,-1,-1,-1
129,-1,478.166,118.604,547.605,248.635,0.994128,-1,-1,-1
130,-1,289.401,83.9549,357.115,257.069,0.99881,-1,-1,-1
130,-1,476.331,113.631,534.718,253.653,0.997507,-1,-1,-1
130,-1,192.583,91.1657,250.745,255.813,0.997244,-1,-1,-1
130,-1,394.45,124.018,467.453,258.374,0.994017,-1,-1,-1
131,-1,469.984,115.375,535.751,259.654,0.997521,-1,-1,-1
131,-1,193.862,95.8363,247.947,244.456,0.997459,-1,-1,-1
131,-1,287.219,95.3496,350.388,257.905,0.997342,-1,-1,-1
131,-1,401.74,123.534,453.847,274.359,0.984208,-1,-1,-1
132,-1,467.306,122.669,536.833,252.257,0.99838,-1,-1,-1
132,-1,283.74,93.5696,350.676,253.598,0.998359,-1,-1,-1
132,-1,194.055,90.1641,248.231,250.898,0.995604,-1,-1,-1
132,-1,405.061,115.863,452.435,264.473,0.983589,-1,-1,-1
133,-1,283.987,93.4222,349.827,263.311,0.99876,-1,-1,-1
133,-1,194.921,95.1102,248.217,250.631,0.996715,-1,-1,-1
133,-1,470.712,112.279,535.41,253.116,0.995182,-1,-1,-1
133,-1,399.367,117.458,452.461,263.464,0.994369,-1,-1,-1
134,-1,288.423,95.6445,343.831,268.213,0.998594,-1,-1,-1
134,-1,189.617,87.17,243.072,252.782,0.996302,-1,-1,-1
134,-1,467.417,111.067,531.886,255.449,0.994757,-1,-1,-1
134,-1,395.856,115.779,448.562,257.542,0.991608,-1,-1,-1
135,-1,394.63,105.906,454.982,259.622,0.996894,-1,-1,-1
135,-1,284.461,99.3426,350.824,261.68,0.996123,-1,-1,-1
135,-1,471.856,115.332,531.178,247.321,0.993326,-1,-1,-1
135,-1,196.309,91.9614,243.534,263.821,0.988874,-1,-1,-1
136,-1,391.947,111.614,452.291,269.372,0.996286,-1,-1,-1
136,-1,195.243,87.1798,251.523,251.402,0.996097,-1,-1,-1
136,-1,282.883,94.78,345.551,264.296,0.995855,-1,-1,-1
136,-1,466.095,111.23,523.007,264.279,0.993003,-1,-1,-1
136,-1,1.69421,126.483,59.765,248.135,0.771348,-1,-1,-1
137,-1,282.171,101.735,335.957,253.968,0.996825,-1,-1,-1
137,-1,194.626,88.6059,248.243,249.247,0.99622,-1,-1,-1
137,-1,464.185,116.251,521.568,248.778,0.994376,-1,-1,-1
137,-1,389.883,113.106,450.598,259.111,0.99413,-1,-1,-1
137,-1,1.36782,107.733,59.1878,241.395,0.807415,-1,-1,-1
138,-1,279.511,101.95,342.383,265.712,0.99739,-1,-1,-1
138,-1,194.57,87.843,244.998,251.355,0.994357,-1,-1,-1
138,-1,392.02,120.288,449.39,267.886,0.983584,-1,-1,-1
138,-1,470.61,112.047,525.693,253.787,0.980924,-1,-1,-1
138,-1,5.61858,91.9774,72.3813,290.148,0.741585,-1,-1,-1
139,-1,188.632,81.6414,249.56,267.371,0.997321,-1,-1,-1
139,-1,383.596,122.176,451.635,267.646,0.99697,-1,-1,-1
139,-1,277.66,100.747,336.379,263.333,0.996721,-1,-1,-1
139,-1,463.267,114.247,524.709,254.975,0.988196,-1,-1,-1
139,-1,4.19132,116.208,56.6127,229.094,0.963358,-1,-1,-1
140,-1,276.068,99.0104,333.03,252.478,0.998175,-1,-1,-1
140,-1,383.052,123.297,445.237,260.208,0.997417,-1,-1,-1
140,-1,458.847,119.278,521.06,258.908,0.996247,-1,-1,-1
140,-1,183.679,85.1264,242.939,262.456,0.987297,-1,-1,-1
140,-1,8.43991,76.5377,61.2525,254.547,0.550229,-1,-1,-1
141,-1,381.832,117.553,443.293,261.152,0.997779,-1,-1,-1
141,-1,277.401,101.613,327.924,254.418,0.996811,-1,-1,-1
141,-1,192.244,87.8683,241.291,246.851,0.996473,-1,-1,-1
141,-1,463.654,122.457,520.857,257.471,0.978712,-1,-1,-1
141,-1,14.5304,69.4151,70.9561,273.222,0.575752,-1,-1,-1
142,-1,382.271,118.966,445.266,265.024,0.997461,-1,-1,-1
142,-1,274.224,92.8469,324.595,259.746,0.99642,-1,-1,-1
142,-1,193.255,90.2767,239.835,244.54,0.995644,-1,-1,-1
142,-1,462.802,112.657,519.236,276.46,0.977681,-1,-1,-1
142,-1,11.4367,94.6408,72.4014,283.854,0.97559,-1,-1,-1
142,-1,425.283,121.999,458.44,264.138,0.53261,-1,-1,-1
143,-1,269.174,86.9817,318.937,256.321,0.997972,-1,-1,-1
143,-1,183.703,92.2863,242.369,248.502,0.996135,-1,-1,-1
143,-1,13.6539,101.003,72.0818,280.461,0.995813,-1,-1,-1
143,-1,380.558,114.635,455.635,260.672,0.994557,-1,-1,-1
143,-1,462.34,115.08,514.733,259.758,0.990955,-1,-1,-1
144,-1,190.976,91.9852,239.918,254.565,0.996107,-1,-1,-1
144,-1,15.6379,112.501,71.0835,280.365,0.99599,-1,-1,-1
144,-1,376.859,116.111,453.948,264.514,0.993897,-1,-1,-1
144,-1,263.851,93.1548,321.786,254.586,0.991564,-1,-1,-1
144,-1,455.217,115.15,517.336,258.946,0.991512,-1,-1,-1
145,-1,271.579,83.6922,325.542,260.698,0.9974,-1,-1,-1
145,-1,377.396,123.171,450.907,260.688,0.997151,-1,-1,-1
145,-1,22.7926,111.232,76.6276,278.709,0.996256,-1,-1,-1
145,-1,190.453,86.5037,237.194,247.652,0.99482,-1,-1,-1
145,-1,464.033,113.555,519.799,250.152,0.953121,-1,-1,-1
146,-1,25.9709,111.275,85.3866,283.01,0.996102,-1,-1,-1
146,-1,192.358,84.596,239.827,253.76,0.995663,-1,-1,-1
146,-1,269.919,87.3422,321.767,256.657,0.995462,-1,-1,-1
146,-1,388.191,119.392,461.947,263.38,0.980981,-1,-1,-1
146,-1,465.492,113.739,512.817,251.44,0.974528,-1,-1,-1
146,-1,365.444,132.283,415.401,253.736,0.962298,-1,-1,-1
147,-1,20.3865,114.068,88.1002,287.464,0.99755,-1,-1,-1
147,-1,265.303,88.5567,321.611,260.994,0.995384,-1,-1,-1
147,-1,187.053,79.0209,238.162,260.304,0.994288,-1,-1,-1
147,-1,404.733,115.555,457.101,262.76,0.994015,-1,-1,-1
147,-1,366.249,127.691,415.688,262.41,0.979415,-1,-1,-1
147,-1,462.444,109.457,514.649,254.684,0.959601,-1,-1,-1
148,-1,20.972,114.867,95.3791,288.232,0.996958,-1,-1,-1
148,-1,192.097,84.2102,234.479,258.783,0.996277,-1,-1,-1
148,-1,265.821,92.9972,315.147,250.589,0.996022,-1,-1,-1
148,-1,458.232,115.192,507.666,263.138,0.99222,-1,-1,-1
148,-1,364.173,137.331,416.464,260.852,0.989967,-1,-1,-1
148,-1,405.463,111.095,446.491,251.374,0.985696,-1,-1,-1
149,-1,190.737,81.0862,232.112,248.218,0.996047,-1,-1,-1
149,-1,454.185,115.063,508.578,262.264,0.995948,-1,-1,-1
149,-1,264.74,92.6969,313.496,247.196,0.994915,-1,-1,-1
149,-1,406.878,112.291,450.138,258.996,0.992792,-1,-1,-1
149,-1,26.2626,110.124,101.926,293.637,0.991287,-1,-1,-1
149,-1,362.45,143.353,409.964,263.292,0.987491,-1,-1,-1
150,-1,32.4188,105.956,99.455,296.481,0.996151,-1,-1,-1
150,-1,190.283,80.4731,230.818,259.605,0.996014,-1,-1,-1
150,-1,266.447,89.1317,312.613,245.842,0.995747,-1,-1,-1
150,-1,408.224,116.75,455.328,255.869,0.993748,-1,-1,-1
150,-1,363.748,120.65,407.5,261.938,0.992824,-1,-1,-1
150,-1,455.868,114.728,514.395,259.303,0.987382,-1,-1,-1
151,-1,266.527,90.2779,311.328,242.823,0.99686,-1,-1,-1
151,-1,40.6528,103.047,98.296,286.358,0.996335,-1,-1,-1
151,-1,189.263,82.1044,230.58,261.698,0.995515,-1,-1,-1
151,-1,404.631,118.277,450.959,265.364,0.9919,-1,-1,-1
151,-1,360.649,115.693,403.433,265.053,0.985319,-1,-1,-1
151,-1,458.198,114.449,513.385,263.496,0.984265,-1,-1,-1
152,-1,262.681,90.5894,316.718,246.009,0.997174,-1,-1,-1
152,-1,410.259,119.612,456.033,265.422,0.995785,-1,-1,-1
152,-1,47.3587,110.468,97.5028,292.261,0.993916,-1,-1,-1
152,-1,190.067,80.3669,232.532,258.794,0.993494,-1,-1,-1
152,-1,455.282,117.983,509.201,260.28,0.986561,-1,-1,-1
152,-1,359.152,112.61,394.471,244.199,0.965302,-1,-1,-1
153,-1,264.72,90.8408,305.038,262.881,0.99761,-1,-1,-1
153,-1,46.9451,107.158,108.387,286.811,0.997014,-1,-1,-1
153,-1,190.908,83.9592,232.698,259.044,0.995966,-1,-1,-1
153,-1,396.18,116.721,460.04,256.74,0.991537,-1,-1,-1
153,-1,355.359,116.47,394.897,254.808,0.971934,-1,-1,-1
153,-1,451.854,113.052,502.636,266.487,0.970777,-1,-1,-1
153,-1,324.819,105.2,354.32,226.198,0.528365,-1,-1,-1
154,-1,265.707,95.0006,305.668,259.462,0.998014,-1,-1,-1
154,-1,57.5715,108.45,111.407,291.806,0.997114,-1,-1,-1
154,-1,190.508,83.2394,231.324,259.558,0.994658,-1,-1,-1
154,-1,410.34,116.129,459.631,254.792,0.993524,-1,-1,-1
154,-1,454.802,109.99,514.34,259.391,0.978154,-1,-1,-1
154,-1,363.032,114.135,402.671,254.641,0.95771,-1,-1,-1
155,-1,262.312,87.5179,306.23,256.56,0.995424,-1,-1,-1
155,-1,190.133,79.5495,241.951,253.418,0.994482,-1,-1,-1
155,-1,62.5617,99.8332,115.464,287.375,0.993912,-1,-1,-1
155,-1,447.533,112.72,500.495,258.917,0.984574,-1,-1,-1
155,-1,398.877,113.886,463.212,264.957,0.984557,-1,-1,-1
155,-1,360.605,105.935,398.56,259.214,0.939203,-1,-1,-1
156,-1,70.3214,103.111,119.079,287.014,0.995006,-1,-1,-1
156,-1,191.733,87.9716,233.981,252.029,0.994912,-1,-1,-1
156,-1,260.342,93.7896,301.863,247.377,0.994168,-1,-1,-1
156,-1,402.248,115.477,454.293,263.562,0.991454,-1,-1,-1
156,-1,452.302,109.798,500.257,255.447,0.990653,-1,-1,-1
156,-1,357.579,114.095,399.403,268.725,0.978253,-1,-1,-1
157,-1,65.5382,113.596,128.02,284.961,0.994301,-1,-1,-1
157,-1,191.556,84.9754,234.234,247.024,0.994286,-1,-1,-1
157,-1,263.608,92.509,308.399,263.913,0.992763,-1,-1,-1
157,-1,406.163,116.82,454.706,256.318,0.991764,-1,-1,-1
157,-1,349.986,118.464,394.316,265.599,0.986229,-1,-1,-1
157,-1,446.696,110.415,493.114,257.991,0.985884,-1,-1,-1
158,-1,193.45,88.2491,237.743,254.018,0.994921,-1,-1,-1
158,-1,76.5824,104.908,139.165,293.028,0.994647,-1,-1,-1
158,-1,264.046,96.4183,305.736,259.894,0.992971,-1,-1,-1
158,-1,345.25,118.214,393.844,252.993,0.992886,-1,-1,-1
158,-1,402.563,118.987,452.053,264.561,0.988226,-1,-1,-1
158,-1,454.62,112.473,494.784,257.954,0.985612,-1,-1,-1
159,-1,77.6758,102.525,139.082,281.216,0.997194,-1,-1,-1
159,-1,261.07,89.8759,303.839,257.17,0.995056,-1,-1,-1
159,-1,189.432,90.1238,234.814,244.094,0.994941,-1,-1,-1
159,-1,443.176,116.271,495.755,259.614,0.993051,-1,-1,-1
159,-1,404.535,111.852,457.272,268.753,0.991019,-1,-1,-1
159,-1,342.668,112.835,390.936,261.183,0.972481,-1,-1,-1
160,-1,193.046,86.6949,238.645,252.681,0.995463,-1,-1,-1
160,-1,262.344,97.3598,306.386,259.043,0.994765,-1,-1,-1
160,-1,80.2915,108.27,140.297,258.954,0.991198,-1,-1,-1
160,-1,399.026,121.019,451.029,264.308,0.990427,-1,-1,-1
160,-1,345.718,121.874,388.997,268.24,0.988235,-1,-1,-1
160,-1,437.913,114.126,499.588,260.33,0.984816,-1,-1,-1
161,-1,260.955,89.074,307.045,259.912,0.997256,-1,-1,-1
161,-1,194.084,88.089,239.471,245.722,0.993665,-1,-1,-1
161,-1,88.9629,103.409,143.907,269.518,0.992411,-1,-1,-1
161,-1,400.907,117.247,449.091,260.205,0.989733,-1,-1,-1
161,-1,439.407,120.972,495.533,254.881,0.979072,-1,-1,-1
161,-1,341.507,118.125,390.974,267.015,0.967998,-1,-1,-1
162,-1,261.037,98.0307,308.253,254.131,0.996091,-1,-1,-1
162,-1,193.246,84.2891,239.571,253.856,0.995545,-1,-1,-1
162,-1,86.8242,100.151,148.202,274.281,0.995061,-1,-1,-1
162,-1,403.289,111.646,451.513,273.085,0.991682,-1,-1,-1
162,-1,427.206,117.888,508.381,258.936,0.983961,-1,-1,-1
162,-1,340.96,118.952,388.771,268.489,0.956125,-1,-1,-1
163,-1,191.234,87.2152,240.263,248.129,0.994666,-1,-1,-1
163,-1,394.369,115.402,447.999,263.287,0.99151,-1,-1,-1
163,-1,98.6388,79.3184,159.573,278.768,0.990118,-1,-1,-1
163,-1,345.785,117.781,385.241,253.609,0.987955,-1,-1,-1
163,-1,263.766,94.7408,305.677,254.487,0.986876,-1,-1,-1
163,-1,440.301,117.526,493.981,262.056,0.980921,-1,-1,-1
164,-1,190.056,91.7517,244.479,251.117,0.995445,-1,-1,-1
164,-1,397.875,121.34,445.211,265.643,0.994966,-1,-1,-1
164,-1,262.266,87.3212,306.229,260.617,0.993939,-1,-1,-1
164,-1,340.807,119.975,382.892,264.14,0.988317,-1,-1,-1
164,-1,94.5606,89.1271,161.671,272.84,0.980936,-1,-1,-1
164,-1,444.421,119.178,493.435,250.696,0.980589,-1,-1,-1
165,-1,189.929,82.5559,239.4,256.162,0.995523,-1,-1,-1
165,-1,263.001,92.55,310.269,249.886,0.995025,-1,-1,-1
165,-1,397.603,113.061,445.282,254.425,0.991565,-1,-1,-1
165,-1,438.742,115.436,491.58,253.839,0.987353,-1,-1,-1
165,-1,111.461,94.0048,168.146,280.715,0.985979,-1,-1,-1
165,-1,338.05,111.368,377.312,257.181,0.984429,-1,-1,-1
166,-1,190.193,86.5657,242.143,252.387,0.995496,-1,-1,-1
166,-1,261.667,96.0877,304.758,250.126,0.994121,-1,-1,-1
166,-1,339.917,111.641,381.153,263.193,0.989379,-1,-1,-1
166,-1,392.025,114.955,448.381,260.277,0.988034,-1,-1,-1
166,-1,435.093,120.684,489.937,260.011,0.980993,-1,-1,-1
166,-1,100.87,102.009,167.424,276.735,0.977168,-1,-1,-1
167,-1,190.163,85.1725,238.915,252.732,0.996026,-1,-1,-1
167,-1,103.855,93.8679,173.706,278.799,0.995293,-1,-1,-1
167,-1,257.724,82.2848,307.945,248.263,0.993625,-1,-1,-1
167,-1,436.571,117.912,487.006,257.807,0.991818,-1,-1,-1
167,-1,395.198,114.978,438.12,265.014,0.987755,-1,-1,-1
167,-1,339.06,116.74,379.148,256.3,0.984057,-1,-1,-1
168,-1,104.944,90.4175,176.783,284.458,0.997227,-1,-1,-1
168,-1,189.895,80.2043,239.956,254.223,0.996007,-1,-1,-1
168,-1,260.956,91.0617,308.6,246.633,0.993357,-1,-1,-1
168,-1,438.042,111.989,484.692,275.896,0.98859,-1,-1,-1
168,-1,393.802,118.046,436.035,261.516,0.98428,-1,-1,-1
168,-1,336.068,115.249,377.797,250.656,0.972393,-1,-1,-1
169,-1,191.654,86.4936,238.36,250.703,0.996168,-1,-1,-1
169,-1,434.602,117.842,491.961,263.67,0.995903,-1,-1,-1
169,-1,261.947,89.7429,307.619,244.913,0.992561,-1,-1,-1
169,-1,119.688,99.5436,176.741,287.108,0.990653,-1,-1,-1
169,-1,389.782,115.775,437.155,265.858,0.989262,-1,-1,-1
169,-1,327.891,121.65,381.268,251.917,0.983534,-1,-1,-1
170,-1,118.761,97.7413,178.398,277.474,0.99607,-1,-1,-1
170,-1,190.099,88.5804,239.464,248.452,0.99553,-1,-1,-1
170,-1,385.847,113.213,441.621,258.961,0.99473,-1,-1,-1
170,-1,261.188,87.7218,307.931,249.272,0.99242,-1,-1,-1
170,-1,334.883,120.508,375.904,246.777,0.986919,-1,-1,-1
170,-1,434.721,107.457,491.303,262.452,0.986527,-1,-1,-1
171,-1,191.308,88.2141,242.914,258.032,0.996338,-1,-1,-1
171,-1,256.675,80.9781,307.548,262.686,0.995504,-1,-1,-1
171,-1,385.765,114.462,440.118,264.116,0.994636,-1,-1,-1
171,-1,427.082,116.375,486.723,262.497,0.992513,-1,-1,-1
171,-1,128.403,73.2173,180.908,281.091,0.992287,-1,-1,-1
171,-1,325.031,122,377.179,258.929,0.981858,-1,-1,-1
172,-1,193.931,78.3311,241.419,260.456,0.995534,-1,-1,-1
172,-1,381.447,113.34,432.337,258.199,0.991624,-1,-1,-1
172,-1,260.124,91.3498,308.582,246.267,0.988955,-1,-1,-1
172,-1,129.957,84.3036,181.488,280.782,0.987853,-1,-1,-1
172,-1,424.715,108.298,478.74,271.399,0.984374,-1,-1,-1
172,-1,326.582,118.207,376.255,258.471,0.983813,-1,-1,-1
173,-1,255.157,86.8528,310.898,250.094,0.995466,-1,-1,-1
173,-1,186.576,96.4917,237.088,252.733,0.995188,-1,-1,-1
173,-1,383.599,115.931,432.942,254.268,0.988214,-1,-1,-1
173,-1,420.396,110.397,487.712,257.429,0.987829,-1,-1,-1
173,-1,326.435,120.257,374.756,253.882,0.982813,-1,-1,-1
173,-1,127.853,72.7673,185.456,274.965,0.930721,-1,-1,-1
174,-1,253.819,85.4457,310.022,254.94,0.995925,-1,-1,-1
174,-1,186.111,88.4397,237.449,260.762,0.995029,-1,-1,-1
174,-1,378.03,111.948,429.471,267.443,0.993825,-1,-1,-1
174,-1,424.019,111.278,478.095,272.785,0.991121,-1,-1,-1
174,-1,328.742,116.323,366.074,250.599,0.986435,-1,-1,-1
174,-1,118.013,63.3255,182.392,280.954,0.874499,-1,-1,-1
175,-1,257.017,84.0212,308.424,253.44,0.995134,-1,-1,-1
175,-1,373.511,122.364,424.039,260.257,0.994894,-1,-1,-1
175,-1,429.497,111.553,482.366,267.437,0.994829,-1,-1,-1
175,-1,192.015,98.8913,238.409,254.871,0.993007,-1,-1,-1
175,-1,327.029,125.486,370.621,254.094,0.989196,-1,-1,-1
175,-1,137.447,86.5991,189.118,269.988,0.970276,-1,-1,-1
176,-1,374.885,115.609,426.347,255.004,0.99571,-1,-1,-1
176,-1,256.165,84.3941,308.685,252.377,0.995303,-1,-1,-1
176,-1,143.108,89.3297,201.565,279.616,0.992452,-1,-1,-1
176,-1,196.617,93.7843,234.544,251.143,0.990317,-1,-1,-1
176,-1,426.893,111.746,478.629,270.036,0.989966,-1,-1,-1
176,-1,325.501,118.341,371.945,248.384,0.98648,-1,-1,-1
177,-1,254.831,76.0087,309.24,257.421,0.996376,-1,-1,-1
177,-1,378.509,118.053,428.39,258.069,0.99564,-1,-1,-1
177,-1,413.456,109.83,486.141,267.48,0.995527,-1,-1,-1
177,-1,143.25,79.3265,206.631,276.61,0.98825,-1,-1,-1
177,-1,325.468,111.871,370.833,254.203,0.973283,-1,-1,-1
177,-1,198.625,89.5154,237.154,247.03,0.959353,-1,-1,-1
178,-1,262.37,83.1937,301.082,260.242,0.997344,-1,-1,-1
178,-1,424.075,107.863,474.64,266.887,0.996151,-1,-1,-1
178,-1,362.455,116.23,431.81,259.314,0.994377,-1,-1,-1
178,-1,137.994,94.3141,216.238,285.009,0.992487,-1,-1,-1
178,-1,325.194,108.029,368.845,255.283,0.972904,-1,-1,-1
178,-1,195.735,94.7674,237.214,243.991,0.833962,-1,-1,-1
179,-1,421.493,112.577,476.734,266.704,0.997985,-1,-1,-1
179,-1,257.407,79.0296,305.851,257.433,0.996701,-1,-1,-1
179,-1,371.204,109.704,424.953,265.59,0.996352,-1,-1,-1
179,-1,145.574,92.3835,233.077,273.525,0.987884,-1,-1,-1
179,-1,322.929,113.667,368.714,252.22,0.985387,-1,-1,-1
179,-1,203.324,82.7671,233.394,249.051,0.651763,-1,-1,-1
