4,-1,748.744,152.562,32.441,55.121,0.672558,-1,-1,-1
5,-1,747.246,152.965,34.561,53.954,0.778875,-1,-1,-1
6,-1,748.641,148.834,36.75,59.915,0.74036,-1,-1,-1
7,-1,749.307,154.543,32.616,49.33,0.785546,-1,-1,-1
8,-1,752.551,155.509,31.128,54.674,0.513309,-1,-1,-1
9,-1,753.119,155.186,34.286,53.283,0.794882,-1,-1,-1
9,-1,773.655,161.69,39.325,57.74,0.518777,-1,-1,-1
11,-1,774.858,166.915,30.478,50.537,0.834827,-1,-1,-1
11,-1,760.029,151.341,31.082,55.422,0.760953,-1,-1,-1
12,-1,152.415,191.835,42.302,80.74,0.817165,-1,-1,-1
12,-1,770.034,158.027,32.983,57.26,0.755515,-1,-1,-1
12,-1,707.342,143.974,24.891,65.596,0.642924,-1,-1,-1
13,-1,772.371,152.651,37.152,68.625,0.768328,-1,-1,-1
13,-1,803.566,156.363,36.349,67.893,0.678682,-1,-1,-1
13,-1,711.861,140.141,26.274,60.681,0.54418,-1,-1,-1
14,-1,797.376,153.551,34.34,61.858,0.817447,-1,-1,-1
15,-1,159.523,150.178,40.793,90.864,0.768277,-1,-1,-1
15,-1,798.524,157.434,38.98,44.582,0.63912,-1,-1,-1
15,-1,67.7724,202.688,45.4466,73.471,0.555112,-1,-1,-1
16,-1,794.938,159.621,41.973,72.547,0.863212,-1,-1,-1
16,-1,819.651,161.193,34.762,52.196,0.659789,-1,-1,-1
17,-1,135.633,153.144,41.49,86.733,0.956905,-1,-1,-1
17,-1,808.606,163.96,35.347,82.649,0.797742,-1,-1,-1
18,-1,812.723,157.053,41.128,91.411,0.959443,-1,-1,-1
18,-1,119.39,140.098,35.673,86.591,0.855876,-1,-1,-1
18,-1,746.098,153.731,31.764,73.961,0.562936,-1,-1,-1
18,-1,365.71,135.083,32.465,79.015,0.525722,-1,-1,-1
19,-1,845.271,176.797,32.338,66.41,0.928207,-1,-1,-1
19,-1,872.699,178.616,36.876,67.415,0.891371,-1,-1,-1
20,-1,848.949,172.571,36.007,66.262,0.931839,-1,-1,-1
20,-1,896.779,177.094,32.736,70.255,0.865945,-1,-1,-1
20,-1,867.44,173.153,47.074,69.427,0.751045,-1,-1,-1
20,-1,741.765,161.398,36.971,67.257,0.519854,-1,-1,-1
21,-1,862.049,168.807,36.478,69.78,0.968138,-1,-1,-1
21,-1,908.617,155.248,41.186,83.717,0.923476,-1,-1,-1
22,-1,866.092,151.197,52.259,87.884,0.961027,-1,-1,-1
22,-1,927.238,161.261,36.511,86.647,0.910485,-1,-1,-1
22,-1,894.166,166.043,37.134,87.848,0.858234,-1,-1,-1
23,-1,905,169.985,39.552,93.144,0.964608,-1,-1,-1
23,-1,950.865,171.878,32.368,87.581,0.927545,-1,-1,-1
23,-1,14.3844,151.489,34.3745,77.745,0.798719,-1,-1,-1
24,-1,920.733,150.756,40.152,108.888,0.975966,-1,-1,-1
24,-1,967.972,161.386,52.978,93.662,0.966275,-1,-1,-1
25,-1,998.636,163.098,46.804,121.325,0.985889,-1,-1,-1
25,-1,938.081,167.052,46.145,98.605,0.985033,-1,-1,-1
26,-1,1039.71,161.036,52.66,134.575,0.985799,-1,-1,-1
26,-1,967.292,171.682,69.818,111.272,0.976018,-1,-1,-1
27,-1,1067.76,149.432,58.22,160.938,0.989987,-1,-1,-1
27,-1,991.907,151.36,84.533,140.021,0.969486,-1,-1,-1
28,-1,1112.75,156.955,61.94,155.409,0.989689,-1,-1,-1
28,-1,1046.26,150.753,55.14,144.618,0.984231,-1,-1,-1
29,-1,1101.67,134.773,72.46,184.894,0.99115,-1,-1,-1
29,-1,1190.58,140.167,50.42,176.518,0.966419,-1,-1,-1
30,-1,1148.01,135.801,79.32,210.078,0.996967,-1,-1,-1
32,-1,791.86,163.656,45.182,66.71,0.745345,-1,-1,-1
36,-1,358.675,168.444,42.541,52.843,0.722695,-1,-1,-1
37,-1,370.528,158.561,34.399,64.763,0.702973,-1,-1,-1
39,-1,351.273,165.974,36.52,75.344,0.946696,-1,-1,-1
40,-1,336.329,171.638,42.704,60.229,0.807638,-1,-1,-1
41,-1,325.819,170.206,41.149,58.926,0.770187,-1,-1,-1
42,-1,308.793,175.611,32.213,63.192,0.910014,-1,-1,-1
43,-1,298.91,179.948,34.764,61.686,0.960944,-1,-1,-1
43,-1,189.992,160.966,34.041,83.297,0.550861,-1,-1,-1
43,-1,602.48,130.973,35.131,55.837,0.513429,-1,-1,-1
44,-1,283.958,189.573,34.891,62.869,0.982689,-1,-1,-1
44,-1,162.367,150.922,41.934,85.054,0.747439,-1,-1,-1
44,-1,593.258,135.644,40.167,46.387,0.672412,-1,-1,-1
45,-1,264.25,174.994,39.351,79.949,0.985279,-1,-1,-1
45,-1,140.791,160.146,35.713,85.324,0.892299,-1,-1,-1
46,-1,234.423,186.787,36.928,80.315,0.982001,-1,-1,-1
46,-1,124.147,153.189,37.519,90.632,0.792147,-1,-1,-1
46,-1,598.021,141.783,39.653,47.802,0.556356,-1,-1,-1
47,-1,213.932,188.527,35.698,77.89,0.978796,-1,-1,-1
47,-1,101.322,162.234,38.992,83.118,0.962927,-1,-1,-1
47,-1,598.025,142.439,39.958,43.946,0.721953,-1,-1,-1
48,-1,190.753,184.647,43.734,87.484,0.987996,-1,-1,-1
48,-1,76.2089,141.612,40.6991,111.505,0.681593,-1,-1,-1
49,-1,162.365,180.29,48.461,98.152,0.984331,-1,-1,-1
49,-1,45.1315,159.589,43.1403,97.022,0.978247,-1,-1,-1
49,-1,591.41,135.294,44.006,46.346,0.873147,-1,-1,-1
50,-1,131.19,192.547,44.51,93.536,0.975515,-1,-1,-1
50,-1,13.9732,161.754,38.159,85.963,0.923275,-1,-1,-1
50,-1,587.844,134.133,44.47,42.605,0.691708,-1,-1,-1
51,-1,91.2313,178.729,60.3657,120.214,0.992598,-1,-1,-1
51,-1,583.325,145.309,53.65,56.243,0.859156,-1,-1,-1
51,-1,1209.63,193.364,29.47,129.929,0.850869,-1,-1,-1
52,-1,50.5561,194.691,54.6389,119.003,0.991923,-1,-1,-1
52,-1,586.462,131.392,45.981,65.645,0.889153,-1,-1,-1
53,-1,6.95132,186.663,57.0155,142.649,0.992524,-1,-1,-1
53,-1,587.015,143.475,51.346,50.087,0.945163,-1,-1,-1
53,-1,354.24,174.958,34.882,66.639,0.660008,-1,-1,-1
54,-1,590.113,128.212,45.607,72.881,0.71689,-1,-1,-1
54,-1,339.466,161.913,38.662,78.363,0.716031,-1,-1,-1
54,-1,210.296,189.4,49.934,41.603,0.66832,-1,-1,-1
55,-1,583.796,138.543,47.399,52.729,0.783002,-1,-1,-1
55,-1,200.899,192.017,44.208,52.462,0.724067,-1,-1,-1
55,-1,1210.89,169.96,28.71,133.781,0.56879,-1,-1,-1
55,-1,335.417,155.06,36.377,77.21,0.568348,-1,-1,-1
56,-1,322.723,153.963,37.204,83.541,0.598445,-1,-1,-1
57,-1,580.371,135.399,50.007,55.624,0.688715,-1,-1,-1
57,-1,321.528,158.956,44.32,75.191,0.57479,-1,-1,-1
57,-1,754.287,138.204,39.136,79.771,0.558958,-1,-1,-1
58,-1,570.575,130.316,56.11,71.611,0.891138,-1,-1,-1
58,-1,306.455,158.209,41.895,104.532,0.738981,-1,-1,-1
59,-1,287.469,165.77,39.855,86.484,0.879883,-1,-1,-1
59,-1,582.829,127.492,44.333,62.1,0.57735,-1,-1,-1
60,-1,256.528,172.511,48.133,85.698,0.972166,-1,-1,-1
60,-1,730.052,141.929,30.085,78.163,0.749969,-1,-1,-1
60,-1,571.03,137.599,43.724,54.822,0.676522,-1,-1,-1
61,-1,232.3,169.555,52.316,91.393,0.942508,-1,-1,-1
61,-1,576.22,138.759,45.098,52.833,0.902857,-1,-1,-1
61,-1,729.4,153.765,28.28,64.237,0.857582,-1,-1,-1
61,-1,782.54,154.97,28.163,74.82,0.711455,-1,-1,-1
61,-1,458.046,139.614,29.578,71.676,0.681246,-1,-1,-1
61,-1,439.119,133.135,30.743,79.501,0.535243,-1,-1,-1
62,-1,206.036,165.182,60.813,114.365,0.94615,-1,-1,-1
62,-1,572.072,129,38.837,66.522,0.928806,-1,-1,-1
62,-1,727.735,152.045,32.828,70.88,0.890766,-1,-1,-1
62,-1,778.407,161.518,35.819,76.606,0.869295,-1,-1,-1
62,-1,437.324,129.91,34.329,76.958,0.856984,-1,-1,-1
63,-1,181.217,163.921,52.895,108.212,0.991905,-1,-1,-1
63,-1,441.685,119.162,39.788,91.125,0.922111,-1,-1,-1
63,-1,563.739,136.507,48.539,66.898,0.77578,-1,-1,-1
63,-1,787.423,150.054,36.609,95.929,0.680451,-1,-1,-1
63,-1,729.637,157.06,34.549,69.806,0.607819,-1,-1,-1
63,-1,869.518,157.651,29.411,78.467,0.552038,-1,-1,-1
64,-1,151.218,151.241,62.094,141.666,0.991781,-1,-1,-1
64,-1,799.12,159.326,36.713,80.199,0.978511,-1,-1,-1
64,-1,428.245,126.203,35.791,82.425,0.931756,-1,-1,-1
64,-1,779.65,164.017,36.05,78.322,0.612054,-1,-1,-1
64,-1,743.935,158.443,35.791,64.159,0.599363,-1,-1,-1
64,-1,564.951,130.03,46.057,76.198,0.590103,-1,-1,-1
65,-1,118.723,160.78,56.036,139.048,0.980634,-1,-1,-1
65,-1,798.651,158.082,36.226,90.858,0.953829,-1,-1,-1
65,-1,427.352,124.854,37.931,90.025,0.877596,-1,-1,-1
65,-1,568.573,127.306,42.498,65.326,0.815463,-1,-1,-1
66,-1,63.9155,150.636,72.7125,141.832,0.983048,-1,-1,-1
66,-1,792.589,156.065,39.845,98.792,0.772148,-1,-1,-1
66,-1,417.003,126.275,41.214,88.098,0.745704,-1,-1,-1
66,-1,557.712,136.069,40.379,61.683,0.737384,-1,-1,-1
67,-1,33.3473,147.151,59.7858,148.665,0.970942,-1,-1,-1
67,-1,809.686,155.232,40.936,101.875,0.704994,-1,-1,-1
67,-1,557.289,130.571,39.488,59.492,0.700651,-1,-1,-1
68,-1,9.47021,146.732,49.8789,182.608,0.954444,-1,-1,-1
68,-1,550.22,122.747,56.035,69.178,0.795754,-1,-1,-1
68,-1,749.217,147.08,28.188,72.521,0.569354,-1,-1,-1
68,-1,321.559,154.52,39.927,84.054,0.545323,-1,-1,-1
68,-1,905.575,145.612,32.35,92.626,0.528991,-1,-1,-1
69,-1,918.459,164.084,29.605,78.151,0.903845,-1,-1,-1
69,-1,1105.72,145.776,53.34,96.434,0.856083,-1,-1,-1
69,-1,1007.54,208.922,51.94,82.471,0.817552,-1,-1,-1
69,-1,306.075,154.714,38.465,88.904,0.809773,-1,-1,-1
69,-1,384.079,157.063,29.739,69.202,0.793539,-1,-1,-1
69,-1,834.35,160.79,40.974,78.435,0.752213,-1,-1,-1
69,-1,547.156,135.109,47.197,66.706,0.619774,-1,-1,-1
70,-1,846.783,144.09,53.621,127.825,0.96839,-1,-1,-1
70,-1,1130.77,160.235,72.55,95.241,0.948039,-1,-1,-1
70,-1,760.093,153.407,32.273,80.521,0.879412,-1,-1,-1
70,-1,367.466,159.046,35.769,74.877,0.786903,-1,-1,-1
70,-1,277.221,165.357,45.356,65.507,0.761419,-1,-1,-1
70,-1,738.834,169.696,35.667,59.576,0.745546,-1,-1,-1
70,-1,1042.23,204.97,58.51,98.175,0.672778,-1,-1,-1
70,-1,909.606,152.436,53.997,87.347,0.66016,-1,-1,-1
71,-1,864.767,163.911,41.068,103.251,0.986856,-1,-1,-1
71,-1,1163.26,150.725,73.84,167.117,0.946941,-1,-1,-1
71,-1,288.252,163.692,28.64,74.21,0.943634,-1,-1,-1
71,-1,759.725,163.307,27.92,68.264,0.940219,-1,-1,-1
71,-1,947.093,163.059,35.855,86.936,0.882553,-1,-1,-1
71,-1,781.355,167.437,38.004,77.694,0.735804,-1,-1,-1
71,-1,739.332,175.803,36.729,67.418,0.710009,-1,-1,-1
72,-1,881.462,142.734,65.256,150.617,0.989745,-1,-1,-1
72,-1,747.348,160.614,52.611,86.915,0.98085,-1,-1,-1
72,-1,264.081,154.903,38.11,96.514,0.964022,-1,-1,-1
72,-1,352.477,169.694,29.88,58.945,0.935391,-1,-1,-1
72,-1,950.429,145.214,42.615,103.223,0.872057,-1,-1,-1
72,-1,1144.5,187.396,89.04,116.883,0.843947,-1,-1,-1
72,-1,1204.86,155.118,34.07,157.18,0.763933,-1,-1,-1
72,-1,973.717,150.298,38.963,105.111,0.533642,-1,-1,-1
73,-1,887.615,155.978,91.393,138.677,0.990084,-1,-1,-1
73,-1,1172.52,219.998,67.93,106.414,0.959029,-1,-1,-1
73,-1,749.063,155.435,42.811,87.721,0.949606,-1,-1,-1
73,-1,971.024,142.392,47.716,124.058,0.862283,-1,-1,-1
73,-1,338.545,168.782,40.531,76.054,0.835651,-1,-1,-1
73,-1,773.334,160.575,40.495,86.271,0.789951,-1,-1,-1
74,-1,937.761,152.196,65.199,147.278,0.989332,-1,-1,-1
74,-1,763.777,155.084,35.301,85.242,0.940203,-1,-1,-1
74,-1,244.882,164.624,36.692,100.145,0.933679,-1,-1,-1
74,-1,993.118,149.466,51.642,118.921,0.919812,-1,-1,-1
74,-1,323.798,171.853,30.966,71.3,0.914545,-1,-1,-1
75,-1,957.65,144.378,80.44,167.571,0.98952,-1,-1,-1
75,-1,1016.01,160.988,59.66,125.243,0.971565,-1,-1,-1
75,-1,224.291,159.262,38.95,106.303,0.941417,-1,-1,-1
75,-1,308.646,177.607,29.134,67.945,0.936099,-1,-1,-1
75,-1,767.177,168.928,31.319,77.442,0.930843,-1,-1,-1
75,-1,866.832,185.434,29.294,72.247,0.860436,-1,-1,-1
76,-1,982.536,149.136,105.434,172.369,0.992112,-1,-1,-1
76,-1,872.422,177.764,34.664,80.706,0.976539,-1,-1,-1
76,-1,205.978,170.135,40.125,86.816,0.965067,-1,-1,-1
76,-1,783.683,168.58,30.773,73.746,0.962307,-1,-1,-1
76,-1,1054.12,151.239,55.23,148.437,0.937427,-1,-1,-1
76,-1,886.306,166.055,47.309,101.732,0.741738,-1,-1,-1
77,-1,1040.83,153.596,101.48,189.221,0.997142,-1,-1,-1
77,-1,182.983,166.163,41.34,87.741,0.976072,-1,-1,-1
77,-1,781.272,156.489,56.922,95.248,0.919901,-1,-1,-1
77,-1,897.796,172.971,30.16,89.455,0.831098,-1,-1,-1
77,-1,844.94,171.535,30.735,84.788,0.780899,-1,-1,-1
78,-1,1068.84,170.62,128.04,184.494,0.995296,-1,-1,-1
78,-1,788.644,160.777,40.841,105.165,0.987967,-1,-1,-1
78,-1,168.194,168.462,39.586,88.177,0.977618,-1,-1,-1
78,-1,257.329,174.637,39.267,87.738,0.879471,-1,-1,-1
78,-1,904.693,172.513,37.269,97.162,0.652959,-1,-1,-1
79,-1,1150.31,146.688,90.69,227.312,0.985188,-1,-1,-1
79,-1,801.434,167.713,47.57,104.398,0.984509,-1,-1,-1
79,-1,138.082,165.584,54.291,98.695,0.96677,-1,-1,-1
79,-1,231.48,171.601,50.161,101.189,0.966306,-1,-1,-1
79,-1,1112.66,149.726,51.9,204.563,0.940922,-1,-1,-1
79,-1,866.811,178.299,32.954,89.847,0.823388,-1,-1,-1
79,-1,833.586,152.919,28.681,109.407,0.539478,-1,-1,-1
80,-1,1154.29,166.562,71.52,158.595,0.985738,-1,-1,-1
80,-1,818.321,175.044,44.991,115.397,0.983346,-1,-1,-1
80,-1,128.377,174.11,38.351,103.12,0.975216,-1,-1,-1
80,-1,203.58,174.13,49.748,108.501,0.939457,-1,-1,-1
80,-1,878.023,177.918,40.07,94.637,0.797992,-1,-1,-1
80,-1,450.212,160.172,36.979,57.631,0.756927,-1,-1,-1
80,-1,793.108,180.972,31.933,79.369,0.681346,-1,-1,-1
81,-1,98.8431,177.246,47.1729,96.131,0.990427,-1,-1,-1
81,-1,841.468,166.84,45.892,131.433,0.983293,-1,-1,-1
81,-1,175.491,183.085,39.466,94.384,0.874308,-1,-1,-1
81,-1,1214.91,163.429,26.09,170.183,0.794073,-1,-1,-1
81,-1,819.756,183.251,31.362,91.854,0.743015,-1,-1,-1
81,-1,434.197,159.566,36.31,64.312,0.635735,-1,-1,-1
81,-1,792.618,191.727,28.67,52.453,0.549123,-1,-1,-1
82,-1,61.6508,173.412,61.1012,119.119,0.990805,-1,-1,-1
82,-1,858.571,176.815,47.203,143.76,0.977752,-1,-1,-1
82,-1,818.611,198.13,28.799,82.366,0.900149,-1,-1,-1
82,-1,926.422,187.412,44.73,105.319,0.679277,-1,-1,-1
82,-1,839.408,181.395,28.887,98.946,0.673427,-1,-1,-1
82,-1,903.447,169.315,46.704,137.276,0.638374,-1,-1,-1
82,-1,146.884,174.106,42.731,108.73,0.617472,-1,-1,-1
83,-1,40.6761,186.173,47.2496,108.417,0.989897,-1,-1,-1
83,-1,876.97,158.092,47.744,175.407,0.984829,-1,-1,-1
83,-1,831.912,183.158,38.702,109.05,0.941465,-1,-1,-1
83,-1,422.928,158.921,29.988,56.861,0.643896,-1,-1,-1
83,-1,109.308,170.186,47.159,135.668,0.609661,-1,-1,-1
84,-1,900.75,145.223,64.72,211.44,0.982393,-1,-1,-1
84,-1,13.4311,167.984,59.273,131.126,0.969814,-1,-1,-1
84,-1,846.383,185.403,38.883,100.761,0.947336,-1,-1,-1
84,-1,55.5404,163.116,52.3086,139.316,0.886577,-1,-1,-1
84,-1,412.189,165.562,30.475,51.832,0.859416,-1,-1,-1
84,-1,784.9,162.689,35.813,39.495,0.575092,-1,-1,-1
85,-1,927.023,133.783,79.667,230.359,0.995426,-1,-1,-1
85,-1,19.5167,173.823,57.8277,152.54,0.966645,-1,-1,-1
85,-1,862.125,210.763,40.326,96.005,0.959627,-1,-1,-1
85,-1,408.968,154.515,32.839,76.511,0.951326,-1,-1,-1
85,-1,159.361,180.827,45.927,67.209,0.94196,-1,-1,-1
85,-1,389.965,162.266,30.695,58.091,0.683129,-1,-1,-1
86,-1,959.29,143.291,93.32,219.262,0.997518,-1,-1,-1
86,-1,386.641,162.426,33.831,72.591,0.954691,-1,-1,-1
86,-1,886.337,205.119,37.468,104.559,0.947926,-1,-1,-1
86,-1,136.921,172.781,48.528,74.759,0.875042,-1,-1,-1
86,-1,790.447,161.813,33.593,39.766,0.646983,-1,-1,-1
86,-1,913.121,185.81,32.027,118.363,0.579781,-1,-1,-1
87,-1,1017.19,135.73,110.18,231.398,0.993787,-1,-1,-1
87,-1,904.443,217.808,48.044,106.507,0.965718,-1,-1,-1
87,-1,386.69,157.534,36.664,73.464,0.934381,-1,-1,-1
87,-1,963.799,193.191,52.101,132.866,0.812771,-1,-1,-1
87,-1,121.208,177.421,43.913,74.018,0.793799,-1,-1,-1
88,-1,1053.78,131.585,160.73,237.474,0.992689,-1,-1,-1
88,-1,364.722,163.761,38.008,76.682,0.956832,-1,-1,-1
88,-1,935.904,183.599,59.814,171.35,0.931384,-1,-1,-1
88,-1,92.7214,173.007,45.6126,91.396,0.887574,-1,-1,-1
88,-1,990.858,200.648,50.362,142.114,0.866068,-1,-1,-1
88,-1,806.722,173.305,27.789,50.339,0.542678,-1,-1,-1
89,-1,976.397,222.627,82.723,140.951,0.981591,-1,-1,-1
89,-1,58.0955,174.513,51.1255,78.499,0.965952,-1,-1,-1
89,-1,1033.82,208.714,63.08,146.919,0.881981,-1,-1,-1
89,-1,340.85,171.02,38.054,78.385,0.829836,-1,-1,-1
89,-1,1195.6,113.397,45.4,162.307,0.733186,-1,-1,-1
89,-1,1150.2,127.816,80.79,205.681,0.646495,-1,-1,-1
89,-1,806.601,174.038,32.349,40.745,0.52721,-1,-1,-1
90,-1,1042.48,206.848,71.77,151.129,0.976617,-1,-1,-1
90,-1,1102.13,218.488,61.79,137.39,0.968862,-1,-1,-1
90,-1,33.27,174.338,53.6644,84.996,0.967261,-1,-1,-1
90,-1,316.257,178.409,41.699,77.595,0.943128,-1,-1,-1
90,-1,1152.95,226.306,85.87,100.049,0.799189,-1,-1,-1
90,-1,1201.12,199.131,39.88,77.344,0.575768,-1,-1,-1
91,-1,279.47,170.877,46.99,83.407,0.928609,-1,-1,-1
91,-1,1084.5,198.339,48.58,110.065,0.918067,-1,-1,-1
91,-1,323.669,175.694,32.292,60.459,0.873696,-1,-1,-1
91,-1,1186.19,251.643,54.81,109.173,0.86533,-1,-1,-1
91,-1,1123.96,253.673,79.18,106.362,0.852009,-1,-1,-1
92,-1,261.536,161.426,47.178,94.298,0.970649,-1,-1,-1
92,-1,891.688,160.757,25.774,57.133,0.826123,-1,-1,-1
92,-1,1108.27,202.82,65.9,107.617,0.81425,-1,-1,-1
92,-1,296.933,173.868,29.371,73.002,0.786137,-1,-1,-1
93,-1,216.925,170.52,67.374,105.145,0.975912,-1,-1,-1
93,-1,822.336,170.663,32.685,50.584,0.723947,-1,-1,-1
93,-1,1149.44,197.085,52.82,95.876,0.645801,-1,-1,-1
93,-1,279.39,180.806,40.675,86.203,0.628111,-1,-1,-1
94,-1,177.79,174.38,74.334,116.052,0.934304,-1,-1,-1
94,-1,905.845,161.953,29.209,55.755,0.909144,-1,-1,-1
94,-1,1195.65,200.083,45.35,106.415,0.907865,-1,-1,-1
94,-1,266.927,170.188,33.104,94.282,0.896325,-1,-1,-1
95,-1,134.377,165.095,71.578,143.678,0.971008,-1,-1,-1
95,-1,911.895,164.432,28.696,62.248,0.922031,-1,-1,-1
95,-1,216.524,176.98,59.362,90.995,0.901443,-1,-1,-1
96,-1,68.7829,146.606,78.4021,165.039,0.979665,-1,-1,-1
96,-1,986.181,168.928,33.389,77.19,0.918683,-1,-1,-1
96,-1,906.676,170.177,30.824,58.701,0.883687,-1,-1,-1
96,-1,922.89,157.624,23.457,57.577,0.860759,-1,-1,-1
96,-1,185.551,175.069,61.813,100.954,0.818987,-1,-1,-1
96,-1,830.211,174.532,36.181,58.958,0.729123,-1,-1,-1
97,-1,7.75435,154.632,70.3071,191.022,0.985975,-1,-1,-1
97,-1,127.925,182.133,65.819,92.724,0.905737,-1,-1,-1
97,-1,924.756,155.632,33.153,73.306,0.876376,-1,-1,-1
97,-1,834.746,185.099,51.836,52.245,0.799341,-1,-1,-1
97,-1,1157.81,190.119,63.18,127.347,0.592065,-1,-1,-1
98,-1,90.5865,171.713,65.4505,125.789,0.958606,-1,-1,-1
98,-1,931.61,146.909,30.29,89.73,0.948414,-1,-1,-1
98,-1,1022,176.68,27.51,72.942,0.931844,-1,-1,-1
98,-1,841.062,182.266,42.956,56.931,0.913397,-1,-1,-1
99,-1,1033.15,172.518,29.36,81.041,0.929158,-1,-1,-1
99,-1,16.2623,190.223,98.7517,109.056,0.859585,-1,-1,-1
99,-1,845.295,171.884,44.407,62.58,0.690643,-1,-1,-1
99,-1,944.927,147.334,25.238,86.769,0.603701,-1,-1,-1
100,-1,945.298,165.637,33.852,81.138,0.9543,-1,-1,-1
100,-1,1046.82,165.971,35.58,88.664,0.906048,-1,-1,-1
100,-1,1.35252,185.834,41.0045,143.224,0.855938,-1,-1,-1
100,-1,853.935,177.097,51.867,51.517,0.673903,-1,-1,-1
101,-1,960.433,157,31.19,78.918,0.970084,-1,-1,-1
101,-1,1062.11,165.153,45.16,97.659,0.958953,-1,-1,-1
101,-1,864.643,167.727,49.828,68.709,0.884027,-1,-1,-1
102,-1,1081.19,154.684,42.42,107.861,0.973524,-1,-1,-1
102,-1,967.625,158.624,32.855,81.043,0.952063,-1,-1,-1
102,-1,865.405,178.535,53.777,57.161,0.853297,-1,-1,-1
103,-1,1106.6,154.089,43.04,118.709,0.980035,-1,-1,-1
103,-1,978.588,170.191,30.652,61.524,0.955311,-1,-1,-1
103,-1,881.927,176.532,42.247,55.761,0.914413,-1,-1,-1
104,-1,1135.11,154.67,44.55,122.276,0.983673,-1,-1,-1
104,-1,983.692,166.857,41.838,76.073,0.950662,-1,-1,-1
104,-1,885.722,172.592,53.88,67.148,0.9178,-1,-1,-1
105,-1,1148.98,150.162,64.85,111.064,0.990981,-1,-1,-1
105,-1,999.202,166.048,38.938,84.095,0.955459,-1,-1,-1
105,-1,885.475,165.37,58.774,68.2,0.83167,-1,-1,-1
105,-1,226.427,157.691,35.379,73.049,0.762836,-1,-1,-1
106,-1,1018.55,159.653,37.47,89.015,0.973591,-1,-1,-1
106,-1,1185.81,163.872,45.14,99.943,0.972041,-1,-1,-1
106,-1,900.078,169.667,54.058,70.122,0.890775,-1,-1,-1
106,-1,203.874,167.836,32.362,69.198,0.804986,-1,-1,-1
107,-1,1021.32,168.728,43.42,89.686,0.969557,-1,-1,-1
107,-1,907.284,187.02,69.327,66.133,0.883291,-1,-1,-1
107,-1,187.848,165.261,34.528,66.362,0.746538,-1,-1,-1
107,-1,1045.81,162.969,34.96,88.574,0.629185,-1,-1,-1
108,-1,170.441,156.309,40.141,79.05,0.949765,-1,-1,-1
108,-1,1037.82,169.412,46.94,96.857,0.930328,-1,-1,-1
108,-1,914.945,179.259,79.142,71.807,0.913677,-1,-1,-1
109,-1,151.226,150.164,42.929,79.009,0.97387,-1,-1,-1
109,-1,930.633,179.811,73.577,77.848,0.906918,-1,-1,-1
109,-1,1059.56,165.814,43.72,105.421,0.897085,-1,-1,-1
110,-1,1077.58,151.829,43.29,86.945,0.957185,-1,-1,-1
110,-1,139.53,154.054,38.745,83.06,0.955141,-1,-1,-1
110,-1,935.419,184.606,89.381,75.645,0.810513,-1,-1,-1
111,-1,121.143,157.618,40.178,69.46,0.974168,-1,-1,-1
111,-1,1102.01,156.693,43.63,89.918,0.961634,-1,-1,-1
112,-1,1124.05,150.562,54.31,98.186,0.974512,-1,-1,-1
112,-1,90.3844,151.136,47.2296,86.864,0.955302,-1,-1,-1
113,-1,67.4546,149.602,50.1034,94.647,0.982215,-1,-1,-1
113,-1,1138.45,158.142,66.63,108.713,0.978656,-1,-1,-1
113,-1,464.255,168.033,27.457,56.716,0.551453,-1,-1,-1
114,-1,1169.72,161.926,51.32,93.651,0.969054,-1,-1,-1
114,-1,37.1905,149.268,51.6216,89.512,0.962479,-1,-1,-1
114,-1,454.069,165.031,28.903,68.298,0.886236,-1,-1,-1
115,-1,1197.36,152.411,43.64,103.443,0.957235,-1,-1,-1
115,-1,11.3238,155.142,48.5669,96.117,0.945833,-1,-1,-1
115,-1,451.184,173.953,30.896,65.132,0.939671,-1,-1,-1
115,-1,1015.67,187.26,56.65,97.918,0.939106,-1,-1,-1
115,-1,1075.86,180.074,74.65,129.436,0.869858,-1,-1,-1
115,-1,43.314,163.192,43.618,92.934,0.705022,-1,-1,-1
116,-1,441.03,171.314,27.776,76.626,0.921151,-1,-1,-1
116,-1,9.4081,161.975,40.5837,86.534,0.907899,-1,-1,-1
116,-1,1051.64,190.888,50.8,88.89,0.835955,-1,-1,-1
116,-1,693.074,144.053,26.658,80.629,0.604709,-1,-1,-1
117,-1,429.58,170.017,43.334,74.877,0.942502,-1,-1,-1
117,-1,1141.65,190.549,67.28,127.637,0.842515,-1,-1,-1
117,-1,1069.37,186.433,49.84,68.157,0.800473,-1,-1,-1
117,-1,1202.69,183.704,32.86,140.071,0.703244,-1,-1,-1
118,-1,428.476,173.412,37.611,91.826,0.936996,-1,-1,-1
118,-1,1193.95,187.832,47.05,114.899,0.877901,-1,-1,-1
119,-1,409.173,180.197,36.965,80.182,0.954062,-1,-1,-1
119,-1,1201.47,215.699,39.53,104.589,0.594523,-1,-1,-1
120,-1,404.907,179.213,41.222,73.611,0.975618,-1,-1,-1
121,-1,389.19,176.611,38.18,93.324,0.971872,-1,-1,-1
122,-1,378.278,180.08,41.905,99.157,0.981273,-1,-1,-1
122,-1,160.395,27.6246,67.781,75.8654,0.500922,-1,-1,-1
123,-1,366.794,182.248,40.264,87.605,0.982248,-1,-1,-1
124,-1,331.305,177.676,56.779,104.406,0.979312,-1,-1,-1
125,-1,331.001,186.07,40.704,98.88,0.973544,-1,-1,-1
125,-1,68.9718,12.3975,64.3222,90.8305,0.561877,-1,-1,-1
126,-1,307.75,183.398,43.414,105.153,0.990048,-1,-1,-1
126,-1,37.1898,31.5933,61.5619,74.8557,0.767372,-1,-1,-1
127,-1,287.344,183.826,49.024,122.471,0.995554,-1,-1,-1
128,-1,258.298,168.533,51.457,152.08,0.991281,-1,-1,-1
129,-1,222.324,186.188,62.792,147.408,0.991475,-1,-1,-1
130,-1,177.54,174.07,82.666,178.914,0.996939,-1,-1,-1
130,-1,2.14777,224.262,48.7959,139.417,0.655699,-1,-1,-1
131,-1,121.567,190.767,95.705,170.468,0.99472,-1,-1,-1
132,-1,72.3742,184.692,100.276,189.308,0.997209,-1,-1,-1
133,-1,7.21973,185.807,96.6833,188.193,0.996676,-1,-1,-1
134,-1,0,229.627,41.559,122.705,0.880457,-1,-1,-1
136,-1,356.874,165.579,53.337,76.079,0.512292,-1,-1,-1
137,-1,351.774,164.633,49.7,78.587,0.897323,-1,-1,-1
140,-1,669.648,158.154,30.581,104.942,0.801207,-1,-1,-1
141,-1,666.608,160.913,33.181,106.059,0.856503,-1,-1,-1
141,-1,54.9989,146.933,80.0921,133.732,0.686799,-1,-1,-1
142,-1,290.245,164.547,57.424,96.107,0.663914,-1,-1,-1
142,-1,24.1941,154.939,92.5269,128.201,0.593657,-1,-1,-1
142,-1,665.24,151.881,37.283,99.726,0.586144,-1,-1,-1
143,-1,277.353,166.148,55.11,98.605,0.658156,-1,-1,-1
143,-1,666.062,154.296,39.547,98.878,0.575099,-1,-1,-1
144,-1,671.557,157.618,34.03,97.752,0.831121,-1,-1,-1
145,-1,685.127,150.786,35.392,101.215,0.801728,-1,-1,-1
146,-1,678.529,138.465,38.89,113.679,0.93515,-1,-1,-1
146,-1,238.131,164.101,52.546,107.801,0.810128,-1,-1,-1
147,-1,681.849,137.336,44.305,125.333,0.978636,-1,-1,-1
147,-1,225.964,170.877,48.61,107.555,0.687421,-1,-1,-1
148,-1,698.492,157.614,39.451,92.624,0.982514,-1,-1,-1
148,-1,213.108,167.015,53.431,109.252,0.534584,-1,-1,-1
149,-1,692.392,146.986,35.981,109.39,0.797954,-1,-1,-1
150,-1,717.899,160.513,40.672,92.902,0.808106,-1,-1,-1
151,-1,123.895,144.715,135.915,170.939,0.635357,-1,-1,-1
155,-1,762.805,164.8,46.539,76.255,0.837488,-1,-1,-1
156,-1,775.246,156.753,48.775,94.64,0.942456,-1,-1,-1
157,-1,787.602,151.027,43.856,90.407,0.790535,-1,-1,-1
159,-1,825.357,139.814,55.246,94.115,0.948262,-1,-1,-1
159,-1,22.6254,95.7438,52.3589,180.779,0.91908,-1,-1,-1
160,-1,838.417,141.004,50.56,98.53,0.971228,-1,-1,-1
161,-1,848.576,155.046,65.893,95.71,0.892591,-1,-1,-1
164,-1,907.89,148.663,57.173,106.495,0.601917,-1,-1,-1
167,-1,973.032,148.5,75.598,103.498,0.85426,-1,-1,-1
168,-1,1005.92,162.111,71.52,65.358,0.801743,-1,-1,-1
169,-1,1038.27,153.346,72.52,121.105,0.931023,-1,-1,-1
169,-1,772.685,164.14,45.496,83.251,0.768753,-1,-1,-1
170,-1,1063.18,159.651,61.97,95.49,0.938523,-1,-1,-1
170,-1,12.4721,150.995,40.708,136.924,0.902885,-1,-1,-1
170,-1,776.218,176.594,44.869,71.524,0.887011,-1,-1,-1
171,-1,1088.48,163.083,62.96,82.45,0.791439,-1,-1,-1
172,-1,776.771,155.819,42.042,89.908,0.699934,-1,-1,-1
172,-1,1117.13,173.701,89.57,83.733,0.538594,-1,-1,-1
173,-1,1146.89,155.945,65.11,98.834,0.884571,-1,-1,-1
173,-1,781.721,161.558,39.12,80.317,0.710794,-1,-1,-1
175,-1,779.007,153.793,40.281,84.085,0.766883,-1,-1,-1
176,-1,775.82,165.897,37.579,76.598,0.534864,-1,-1,-1
186,-1,728.838,167.551,48.794,88.216,0.562515,-1,-1,-1
194,-1,1202.27,2.72335,36.34,172.619,0.747261,-1,-1,-1
209,-1,1031.59,158.009,33.6,67.063,0.546391,-1,-1,-1
210,-1,7.59586,152.717,56.9753,124.161,0.89631,-1,-1,-1
212,-1,423.337,132.994,36.063,90.154,0.702123,-1,-1,-1
217,-1,1149.3,6.88287,82.91,252.821,0.872819,-1,-1,-1
217,-1,743.41,160.671,31.302,76.294,0.749235,-1,-1,-1
218,-1,746.408,167.988,26.86,77.618,0.778755,-1,-1,-1
219,-1,746.615,164.223,30.784,85.13,0.938876,-1,-1,-1
220,-1,744.866,158.593,33.086,78.991,0.945277,-1,-1,-1
220,-1,32.0889,112.133,44.3867,104.349,0.849281,-1,-1,-1
221,-1,202.978,81.6005,63.412,133.096,0.983807,-1,-1,-1
221,-1,747.296,158.066,28.969,81.632,0.953587,-1,-1,-1
221,-1,1069.05,18.878,72.32,217.868,0.654245,-1,-1,-1
222,-1,749.952,159.256,32.62,93.595,0.944545,-1,-1,-1
222,-1,820.592,170.876,30.063,98.963,0.915275,-1,-1,-1
222,-1,1091.24,22.2195,68.05,204.506,0.742883,-1,-1,-1
223,-1,1121.1,23.8689,68.5,143.778,0.978969,-1,-1,-1
223,-1,743.316,156.682,44.464,97.275,0.935283,-1,-1,-1
223,-1,813.065,177.605,47.011,97.168,0.757528,-1,-1,-1
224,-1,753.282,162.919,36.438,101.504,0.957852,-1,-1,-1
224,-1,1155.04,18.9005,68.37,107.409,0.868863,-1,-1,-1
224,-1,833.783,171.407,35.058,74.471,0.749687,-1,-1,-1
225,-1,752.87,167.131,38.255,111.823,0.979896,-1,-1,-1
225,-1,836.513,160.934,47.496,110.342,0.947631,-1,-1,-1
226,-1,848.93,167.136,46.771,98.885,0.958642,-1,-1,-1
226,-1,762.547,166.013,42.544,104.718,0.940389,-1,-1,-1
226,-1,1035.29,263.386,36.35,77.961,0.80857,-1,-1,-1
227,-1,867.116,165.974,54.787,106.728,0.983153,-1,-1,-1
227,-1,763.008,165.687,48.827,119.372,0.955689,-1,-1,-1
227,-1,1091.7,273.173,50.95,90.368,0.94107,-1,-1,-1
228,-1,884.063,168.797,54.805,122.82,0.966363,-1,-1,-1
228,-1,775.605,183.413,58.818,106.559,0.922668,-1,-1,-1
228,-1,190.636,172.989,38.811,83.965,0.70316,-1,-1,-1
229,-1,796.623,179.422,67.398,131.242,0.983443,-1,-1,-1
229,-1,888.453,164.094,60.668,130.092,0.92885,-1,-1,-1
230,-1,908.26,160.666,83.649,148.27,0.987131,-1,-1,-1
230,-1,805.277,186.204,63.769,142.482,0.964056,-1,-1,-1
230,-1,95.8853,179.102,44.7437,96.591,0.895001,-1,-1,-1
231,-1,927.601,154.257,82.089,134.639,0.981265,-1,-1,-1
231,-1,825.259,199.538,60.178,125.578,0.873318,-1,-1,-1
231,-1,32.3089,177.426,40.5835,81.014,0.860498,-1,-1,-1
232,-1,967.049,152.231,89.481,125.58,0.97631,-1,-1,-1
232,-1,842.744,183.591,61.256,160.701,0.934704,-1,-1,-1
233,-1,969.633,160.844,126.117,170.08,0.991045,-1,-1,-1
233,-1,856.674,187.148,85.185,154.731,0.985386,-1,-1,-1
234,-1,1001.6,155.674,146.73,173.762,0.989453,-1,-1,-1
234,-1,865.798,191.65,99.651,147.828,0.981338,-1,-1,-1
234,-1,981.814,170.099,40.906,70.638,0.808623,-1,-1,-1
234,-1,571.601,168.56,32.874,44.604,0.581336,-1,-1,-1
235,-1,1050.71,149.068,151.62,182.521,0.993495,-1,-1,-1
235,-1,899.05,193.56,106.36,138.727,0.989993,-1,-1,-1
236,-1,1088.32,144.319,152.68,195.691,0.996345,-1,-1,-1
236,-1,937.979,193.244,140.341,164.884,0.995123,-1,-1,-1
236,-1,554.393,168.664,23.809,58.059,0.753856,-1,-1,-1
237,-1,1157.42,150.387,83.58,181.828,0.98185,-1,-1,-1
237,-1,1032.7,192.79,107.3,171.252,0.969277,-1,-1,-1
237,-1,995.15,170.25,64.23,158.354,0.807417,-1,-1,-1
237,-1,548.218,158.808,27.289,64.002,0.788789,-1,-1,-1
238,-1,1087.67,193.401,153.33,155.077,0.990944,-1,-1,-1
238,-1,1084.96,258.872,60.72,88.511,0.675153,-1,-1,-1
238,-1,727.809,160.372,30.221,35.833,0.614434,-1,-1,-1
239,-1,726.624,158.613,31.048,63.341,0.935448,-1,-1,-1
239,-1,1057.59,163.642,63.25,99.182,0.920546,-1,-1,-1
239,-1,536.173,159.557,27.97,58.128,0.751929,-1,-1,-1
239,-1,740.799,141.983,36.23,76.906,0.601723,-1,-1,-1
240,-1,733.079,158.122,28.345,64.925,0.935508,-1,-1,-1
240,-1,1079.73,154.081,52.01,104.205,0.903437,-1,-1,-1
240,-1,725.896,145.935,21.86,58.386,0.621325,-1,-1,-1
240,-1,709.858,164.963,34.241,56.106,0.597203,-1,-1,-1
241,-1,1099.55,149.549,50.47,127.462,0.967146,-1,-1,-1
241,-1,733.286,163.581,28.774,60.822,0.912349,-1,-1,-1
241,-1,721.328,149.423,27.141,58.025,0.902943,-1,-1,-1
241,-1,1069,155.385,37.86,113.12,0.531945,-1,-1,-1
242,-1,1109.62,145.785,56.05,132.296,0.991671,-1,-1,-1
242,-1,717.4,158.933,29.606,58.871,0.839761,-1,-1,-1
242,-1,730.852,150.569,31.186,56.435,0.81895,-1,-1,-1
242,-1,507.32,157.443,30.463,76.047,0.640482,-1,-1,-1
243,-1,1127.79,148.367,62.97,129.22,0.991846,-1,-1,-1
243,-1,1061.3,285.853,35.05,74.457,0.931746,-1,-1,-1
243,-1,716.172,157.937,28.676,60.413,0.809044,-1,-1,-1
244,-1,1141.92,147.567,88.88,135.995,0.989916,-1,-1,-1
244,-1,488.526,184.149,35.339,46.211,0.913285,-1,-1,-1
244,-1,723.851,152.336,27.818,64.788,0.83084,-1,-1,-1
245,-1,1151.16,155.983,84.53,127.452,0.987718,-1,-1,-1
245,-1,467.245,165.347,31.875,69.227,0.951001,-1,-1,-1
245,-1,484.452,169.22,30.152,71.77,0.892884,-1,-1,-1
245,-1,722.717,156.153,28.368,62.061,0.538622,-1,-1,-1
246,-1,1165.85,156.088,75.15,144.954,0.992417,-1,-1,-1
246,-1,453.575,167.77,36.879,74.403,0.964131,-1,-1,-1
246,-1,483.066,175.418,32.517,61.619,0.610256,-1,-1,-1
247,-1,1204.97,159.08,36.03,142.627,0.957313,-1,-1,-1
247,-1,440.078,168.471,45.88,67.59,0.955984,-1,-1,-1
247,-1,710.416,152.521,29.336,64.439,0.75219,-1,-1,-1
247,-1,462.393,185.955,36.608,72.844,0.684899,-1,-1,-1
248,-1,421.909,170.844,49.715,69.931,0.956269,-1,-1,-1
248,-1,453.037,168.279,32.33,65.323,0.848423,-1,-1,-1
248,-1,705.668,158.814,28.871,62.772,0.762172,-1,-1,-1
249,-1,415.212,172.261,39.08,80.441,0.971537,-1,-1,-1
250,-1,400.05,167.746,33.57,88.112,0.983079,-1,-1,-1
250,-1,454.303,175.788,27.611,66.546,0.655825,-1,-1,-1
250,-1,442.473,169.773,24.522,80.909,0.628369,-1,-1,-1
250,-1,938.813,259.91,35.318,92.512,0.51127,-1,-1,-1
251,-1,383.065,175.701,32.921,83.15,0.972503,-1,-1,-1
251,-1,447.075,172.835,34.911,76.313,0.929592,-1,-1,-1
251,-1,4.95443,170.045,56.8462,103.324,0.57978,-1,-1,-1
252,-1,357.318,177.272,53.486,93.518,0.972418,-1,-1,-1
252,-1,431.746,163.921,30.717,87.735,0.948996,-1,-1,-1
252,-1,1044.77,274.897,42.05,78.707,0.672281,-1,-1,-1
253,-1,352.555,182.776,37.626,104.596,0.97589,-1,-1,-1
253,-1,425.128,175.112,31.654,89.988,0.960338,-1,-1,-1
253,-1,715.089,172.458,28.69,66.677,0.651369,-1,-1,-1
254,-1,330.035,169.976,41.199,124.87,0.986764,-1,-1,-1
254,-1,418.882,171.547,36.427,92.365,0.965278,-1,-1,-1
254,-1,353.023,182.801,31.038,99.634,0.838264,-1,-1,-1
254,-1,715.853,170.062,31.701,64.138,0.689233,-1,-1,-1
254,-1,400.107,174.223,30.458,86.073,0.640692,-1,-1,-1
255,-1,325.353,182.083,33.867,113.712,0.988289,-1,-1,-1
255,-1,393.499,173.681,63.961,94.635,0.968545,-1,-1,-1
255,-1,733.43,170.491,27.708,70.742,0.928253,-1,-1,-1
255,-1,703.272,156.603,43.448,90.331,0.518467,-1,-1,-1
256,-1,280.734,167.304,66.055,164.95,0.976393,-1,-1,-1
256,-1,388.824,179.316,40.258,89.783,0.960362,-1,-1,-1
256,-1,728.106,172.184,27.032,68.783,0.930659,-1,-1,-1
256,-1,742.247,175.146,32.523,70.207,0.820393,-1,-1,-1
256,-1,350.285,177.638,24.074,95.322,0.712589,-1,-1,-1
256,-1,709.038,161.154,29.116,85.363,0.609531,-1,-1,-1
256,-1,361.796,195.866,35.951,78.753,0.523863,-1,-1,-1
257,-1,259.61,172.072,54.63,172.19,0.98596,-1,-1,-1
257,-1,376.643,168.552,62.99,130.314,0.974033,-1,-1,-1
257,-1,737.123,178.364,28.851,68.776,0.965729,-1,-1,-1
257,-1,332.72,177.82,29.334,99.298,0.941755,-1,-1,-1
257,-1,351.939,185.804,30.782,84.412,0.879738,-1,-1,-1
258,-1,230.67,164.305,57.644,187.206,0.987946,-1,-1,-1
258,-1,370.259,176.136,50.742,111.911,0.98452,-1,-1,-1
258,-1,740.659,179.502,33.068,72.881,0.965123,-1,-1,-1
258,-1,318.375,181.483,32.597,102.164,0.944546,-1,-1,-1
258,-1,343.501,187.199,46.886,97.056,0.682397,-1,-1,-1
259,-1,187.389,160.529,81.788,205.15,0.995612,-1,-1,-1
259,-1,354.818,186.857,50.283,117.705,0.987106,-1,-1,-1
259,-1,748.369,173.915,48.266,78.295,0.970992,-1,-1,-1
259,-1,281.265,184.109,76.448,102.699,0.956821,-1,-1,-1
259,-1,334.713,183.04,35.959,112.918,0.654308,-1,-1,-1
260,-1,162.94,156.121,67.532,203.855,0.990253,-1,-1,-1
260,-1,343.693,185.962,43.064,124.894,0.981829,-1,-1,-1
260,-1,767.937,164.109,40.743,103.107,0.972264,-1,-1,-1
260,-1,387.074,182.446,30.859,97.553,0.922534,-1,-1,-1
260,-1,275.875,190.126,67.84,108.565,0.910076,-1,-1,-1
260,-1,746.481,169.377,39.512,90.429,0.892399,-1,-1,-1
260,-1,259.801,202.553,38.355,90.23,0.865787,-1,-1,-1
260,-1,405.08,175.687,33.631,91.648,0.807673,-1,-1,-1
260,-1,364.242,202.08,36.015,82.494,0.807427,-1,-1,-1
261,-1,103.159,155.393,90.775,218.607,0.994985,-1,-1,-1
261,-1,318.303,182.347,62.347,147.857,0.986252,-1,-1,-1
261,-1,385.918,176.987,34.261,108.832,0.96033,-1,-1,-1
261,-1,773.871,157.467,33.84,98.523,0.951058,-1,-1,-1
261,-1,236.281,187.807,51.517,117.037,0.940745,-1,-1,-1
261,-1,275.05,180.044,45.194,124.045,0.938168,-1,-1,-1
261,-1,789.233,167.506,44.677,84.737,0.807666,-1,-1,-1
261,-1,421.177,185.546,31.304,86.605,0.765841,-1,-1,-1
261,-1,361.539,170.863,31.071,131.43,0.662173,-1,-1,-1
262,-1,13.857,154.762,102.007,216.861,0.998218,-1,-1,-1
262,-1,307.137,164.439,63.942,179.445,0.988773,-1,-1,-1
262,-1,358.671,176.2,67.83,120.728,0.983096,-1,-1,-1
262,-1,786.945,156.473,37.546,106.067,0.946363,-1,-1,-1
262,-1,253.98,167.478,47.829,144.698,0.899118,-1,-1,-1
262,-1,809.822,160.33,37.827,100.35,0.89533,-1,-1,-1
262,-1,227.232,205.829,40.288,103.064,0.860756,-1,-1,-1
262,-1,118.987,205.096,84.775,141.606,0.700252,-1,-1,-1
262,-1,281.583,172.767,52.179,147.327,0.545158,-1,-1,-1
263,-1,274.703,166.873,69.383,187.778,0.990386,-1,-1,-1
263,-1,352.166,182.501,63.078,116.937,0.98353,-1,-1,-1
263,-1,826.087,152.183,43.375,114.056,0.970254,-1,-1,-1
263,-1,0,193.621,28.4905,180.379,0.905651,-1,-1,-1
263,-1,247.873,166.971,39.262,152.622,0.87922,-1,-1,-1
263,-1,198.029,206.649,41.964,108.331,0.823275,-1,-1,-1
263,-1,804.633,167.933,28.411,89.319,0.780067,-1,-1,-1
263,-1,88.5941,211.033,92.4039,152.477,0.657282,-1,-1,-1
264,-1,235.805,169.335,82.301,204.665,0.992447,-1,-1,-1
264,-1,356.382,171.271,45.146,135.771,0.984711,-1,-1,-1
264,-1,858.507,164.884,40.835,115.605,0.978264,-1,-1,-1
264,-1,815.147,161.571,47.385,105.744,0.974777,-1,-1,-1
264,-1,334.395,179.427,41.68,113.607,0.768834,-1,-1,-1
264,-1,172.385,205.026,54.523,128.281,0.633278,-1,-1,-1
264,-1,414.056,187.358,31.261,86.401,0.567758,-1,-1,-1
265,-1,200.181,160.933,75.975,213.067,0.993649,-1,-1,-1
265,-1,330.664,179.779,77.25,143.395,0.993509,-1,-1,-1
265,-1,879.339,157.677,47.037,136.028,0.984376,-1,-1,-1
265,-1,838.766,167.124,41.373,109.882,0.979042,-1,-1,-1
265,-1,135.883,203.572,64.212,147.116,0.961891,-1,-1,-1
265,-1,411.428,187.132,35.885,91.197,0.699444,-1,-1,-1
266,-1,315.639,169.853,85.861,140.727,0.986442,-1,-1,-1
266,-1,117.23,169.492,123.672,198.788,0.986289,-1,-1,-1
266,-1,917.266,163.573,47.635,128.241,0.98106,-1,-1,-1
266,-1,848.22,154.55,55.357,139.781,0.973849,-1,-1,-1
266,-1,398.905,181.428,40.553,96.216,0.882594,-1,-1,-1
266,-1,91.5269,175.838,65.7601,176.187,0.658584,-1,-1,-1
267,-1,311.293,177.343,75.288,172.947,0.990596,-1,-1,-1
267,-1,49.1775,153.919,119.064,208.019,0.988245,-1,-1,-1
267,-1,886.356,153.846,55.758,156.273,0.982418,-1,-1,-1
267,-1,945.605,165.018,55.025,152.113,0.97729,-1,-1,-1
267,-1,399.417,173.84,46.801,115.858,0.955767,-1,-1,-1
268,-1,981.67,150.313,65.02,167.579,0.99018,-1,-1,-1
268,-1,281.774,172.652,68.571,199.655,0.988705,-1,-1,-1
268,-1,915.221,157.592,49.399,159.438,0.986903,-1,-1,-1
268,-1,388.43,171.138,43.622,113.27,0.944123,-1,-1,-1
268,-1,0,164.965,69.4481,209.035,0.939403,-1,-1,-1
268,-1,51.1172,149.042,75.7278,197.926,0.809931,-1,-1,-1
269,-1,248.099,171.142,83.306,188.809,0.995784,-1,-1,-1
269,-1,950.766,143.663,65.934,202.42,0.991518,-1,-1,-1
269,-1,1030.93,150.482,63.24,184.037,0.988191,-1,-1,-1
269,-1,382.375,182.728,34.751,102.699,0.987353,-1,-1,-1
269,-1,0,148.674,75.7108,194.865,0.91759,-1,-1,-1
270,-1,1071.99,150.582,89.28,183.701,0.997984,-1,-1,-1
270,-1,188.461,170.503,112.494,203.497,0.996615,-1,-1,-1
270,-1,370.941,166.05,44.623,133.711,0.990507,-1,-1,-1
270,-1,984.627,146.298,73.953,202.152,0.985605,-1,-1,-1
271,-1,125.698,168.015,120.379,198.369,0.997292,-1,-1,-1
271,-1,1043.27,144.287,74.92,205.536,0.995562,-1,-1,-1
271,-1,1124.5,135.611,93.81,231.092,0.995352,-1,-1,-1
271,-1,368.115,179.059,40.469,114.035,0.990766,-1,-1,-1
271,-1,956.969,283.239,41.315,76.09,0.867492,-1,-1,-1
272,-1,1100.12,148.413,88.93,213.48,0.997709,-1,-1,-1
272,-1,25.3574,173.341,175.285,196.537,0.993104,-1,-1,-1
272,-1,348.809,167.361,43.838,145.376,0.986452,-1,-1,-1
272,-1,1031.35,294.167,47.48,71.92,0.883653,-1,-1,-1
273,-1,336.611,184.93,66.088,122.53,0.992103,-1,-1,-1
273,-1,0,202.251,110.257,161.588,0.987768,-1,-1,-1
273,-1,1167.94,120.148,73.06,232.082,0.968485,-1,-1,-1
273,-1,1120.28,133.994,58.27,163.156,0.761864,-1,-1,-1
274,-1,326.776,166.191,47.631,168.522,0.989204,-1,-1,-1
275,-1,313.725,159.59,56.354,187.649,0.980691,-1,-1,-1
275,-1,428.799,179.554,24.178,55.125,0.700601,-1,-1,-1
276,-1,293.898,176.866,68.886,175.17,0.98294,-1,-1,-1
276,-1,423.209,184.767,32.994,46.633,0.872636,-1,-1,-1
276,-1,894.113,261.994,34.791,95.365,0.54221,-1,-1,-1
277,-1,286.244,172.611,73.283,180.7,0.991613,-1,-1,-1
277,-1,425.722,174.942,33.576,69.891,0.95333,-1,-1,-1
277,-1,936.417,279.657,40.406,72.62,0.880629,-1,-1,-1
278,-1,261.153,177.119,84.093,178.626,0.991823,-1,-1,-1
278,-1,415.58,177.018,30.68,57.384,0.935282,-1,-1,-1
278,-1,1001.66,288.921,38.26,64.86,0.909994,-1,-1,-1
279,-1,224.474,176.76,90.599,189.777,0.9929,-1,-1,-1
279,-1,411.561,170.409,46.937,79.712,0.963964,-1,-1,-1
280,-1,188.618,188.464,102.114,177.248,0.995611,-1,-1,-1
280,-1,417.734,184.774,38.43,54.903,0.963148,-1,-1,-1
280,-1,404.118,173.938,28.695,60.91,0.809312,-1,-1,-1
281,-1,146.142,173.764,108.575,186.174,0.997764,-1,-1,-1
281,-1,417.539,172.846,34.513,73.872,0.968011,-1,-1,-1
281,-1,654.154,169.267,22.365,66.199,0.685171,-1,-1,-1
282,-1,94.9252,181.031,110.506,178.77,0.994727,-1,-1,-1
282,-1,1111.58,176.755,44.09,100.464,0.976253,-1,-1,-1
282,-1,407.396,170.414,39.638,77.233,0.903771,-1,-1,-1
282,-1,664.093,170.998,22.535,68.645,0.838864,-1,-1,-1
282,-1,676.455,175.935,23.764,65.662,0.761758,-1,-1,-1
283,-1,34.9872,181.442,120.849,173.666,0.996622,-1,-1,-1
283,-1,1157.89,173.372,56.67,128.7,0.990218,-1,-1,-1
283,-1,407.873,170.589,35.43,84.864,0.968264,-1,-1,-1
283,-1,666.693,177.268,29.82,75.035,0.881304,-1,-1,-1
283,-1,943.112,276.407,36.914,84.563,0.601262,-1,-1,-1
284,-1,2.3056,168.972,76.1553,190.083,0.980693,-1,-1,-1
284,-1,402.369,173.957,36.349,93.288,0.970643,-1,-1,-1
284,-1,1202.29,171.743,36.93,105.934,0.942902,-1,-1,-1
284,-1,672.341,181.486,25.809,72.734,0.879868,-1,-1,-1
284,-1,1000.67,286.922,42.41,65.109,0.852106,-1,-1,-1
284,-1,377.377,169.735,36.794,93.889,0.84341,-1,-1,-1
284,-1,1175.56,174.858,46.3,112.537,0.750412,-1,-1,-1
284,-1,656.277,164.777,31.133,74.656,0.545114,-1,-1,-1
284,-1,685.519,176.278,30.414,75.645,0.520293,-1,-1,-1
285,-1,407.072,183.912,30.332,85.462,0.967929,-1,-1,-1
285,-1,678.5,177.904,25.135,67.081,0.891193,-1,-1,-1
285,-1,375.601,176.297,30.81,86.558,0.81621,-1,-1,-1
286,-1,402,171.401,36.925,96.351,0.948269,-1,-1,-1
286,-1,372.776,185.498,44.054,81.72,0.941249,-1,-1,-1
286,-1,685.719,169.211,25,69.727,0.836554,-1,-1,-1
286,-1,356.237,169.849,25.863,105.043,0.502446,-1,-1,-1
287,-1,382.2,169.216,43.962,111.218,0.962555,-1,-1,-1
287,-1,685.744,168.619,30.187,83.547,0.90929,-1,-1,-1
287,-1,117.872,156.455,69.447,154.21,0.828269,-1,-1,-1
287,-1,358.478,177.287,38.217,96.008,0.796863,-1,-1,-1
287,-1,298.513,191.716,34.734,97.42,0.546791,-1,-1,-1
288,-1,379.558,176.533,43.604,97.576,0.985118,-1,-1,-1
288,-1,685.498,170.709,39.922,85.773,0.955354,-1,-1,-1
288,-1,347.601,180.956,47.228,96.685,0.916242,-1,-1,-1
289,-1,352.771,181.339,48.563,111.36,0.976561,-1,-1,-1
289,-1,696.578,175.27,39.427,89.773,0.973994,-1,-1,-1
289,-1,327.524,167.37,38.227,118.055,0.935908,-1,-1,-1
289,-1,383.011,183.072,32.222,92.982,0.607614,-1,-1,-1
290,-1,701.503,174.212,44.558,95.378,0.977218,-1,-1,-1
290,-1,334.251,173.958,50.593,123.343,0.972404,-1,-1,-1
290,-1,302.983,172.456,39.649,121.08,0.957905,-1,-1,-1
291,-1,710.707,162.157,51.132,92.891,0.985023,-1,-1,-1
291,-1,324.613,161.662,46.009,156.501,0.98139,-1,-1,-1
291,-1,283.806,155.897,39.172,155.383,0.954754,-1,-1,-1
292,-1,299.932,173.658,60.851,136.633,0.986566,-1,-1,-1
292,-1,711.984,168.895,57.877,117.915,0.986247,-1,-1,-1
292,-1,265.002,162.16,39.809,162.436,0.945723,-1,-1,-1
292,-1,2.47835,183.727,46.6213,153.64,0.701458,-1,-1,-1
293,-1,730.622,166.431,41.397,105.607,0.992986,-1,-1,-1
293,-1,278.258,167.941,52.52,183.891,0.977351,-1,-1,-1
293,-1,225.542,163.03,63.76,181.346,0.969558,-1,-1,-1
294,-1,238.889,171.873,74.821,201.204,0.989214,-1,-1,-1
294,-1,743.581,162.022,38.397,129.321,0.980498,-1,-1,-1
294,-1,190.164,150.304,58.126,216.233,0.964528,-1,-1,-1
295,-1,192.999,165.579,77.854,206.929,0.990921,-1,-1,-1
295,-1,751.583,150.752,54.711,146.246,0.98052,-1,-1,-1
295,-1,135.54,164.036,77.858,196.869,0.973065,-1,-1,-1
296,-1,153.725,170.348,72.217,185.012,0.987147,-1,-1,-1
296,-1,65.0882,163.503,108.423,193.356,0.986131,-1,-1,-1
296,-1,774.806,152.108,49.541,161.05,0.971064,-1,-1,-1
296,-1,951.535,255.345,44.938,92.175,0.855575,-1,-1,-1
296,-1,441.497,169.742,36.735,70.848,0.530673,-1,-1,-1
297,-1,0,168.693,102.89,203.331,0.989294,-1,-1,-1
297,-1,65.5492,166.393,105.531,189.715,0.988989,-1,-1,-1
297,-1,785.775,159.995,71.175,155.065,0.986735,-1,-1,-1
297,-1,1019.98,267.994,36.92,97.791,0.825747,-1,-1,-1
298,-1,808.753,150.202,62.398,189.012,0.992763,-1,-1,-1
298,-1,6.94198,170.145,78.7681,189.385,0.983411,-1,-1,-1
299,-1,837.695,146.985,71.62,206.215,0.992438,-1,-1,-1
299,-1,410.477,172.915,39.798,79.554,0.9082,-1,-1,-1
299,-1,771.552,164.779,24.335,61.004,0.658473,-1,-1,-1
300,-1,863.899,153.665,78.424,206.407,0.990634,-1,-1,-1
300,-1,404.738,171.805,37.435,83.061,0.949811,-1,-1,-1
301,-1,905.973,155.283,77.966,218.717,0.986792,-1,-1,-1
301,-1,390.952,163.706,36.883,106.934,0.862661,-1,-1,-1
301,-1,469.66,178.423,25.798,39.328,0.501759,-1,-1,-1
302,-1,954.335,150.098,85.425,223.875,0.993714,-1,-1,-1
302,-1,370.043,173.604,47.583,101.609,0.978458,-1,-1,-1
302,-1,453.503,168.133,34.107,73.452,0.596527,-1,-1,-1
303,-1,1012.03,145.421,109.34,221.754,0.997398,-1,-1,-1
303,-1,352.03,181.579,54.154,107.4,0.985487,-1,-1,-1
303,-1,448.573,169.72,36.274,76.02,0.920087,-1,-1,-1
303,-1,801.302,171.074,28.25,64.218,0.569454,-1,-1,-1
304,-1,1091.28,149.219,136.47,221.89,0.99598,-1,-1,-1
304,-1,337.755,167.035,42.534,130.022,0.968231,-1,-1,-1
304,-1,810.048,177.765,30.083,68.741,0.830371,-1,-1,-1
304,-1,799.667,168.167,25.359,64.605,0.767143,-1,-1,-1
304,-1,439.003,162.844,29.896,96.312,0.735959,-1,-1,-1
305,-1,313.343,162.999,51.644,136.144,0.977254,-1,-1,-1
305,-1,414.801,158.338,36.635,104.213,0.965099,-1,-1,-1
305,-1,818.69,177.493,26.569,59.567,0.839437,-1,-1,-1
306,-1,280.549,157.348,62.72,156.144,0.987646,-1,-1,-1
306,-1,405.159,160.924,48.981,108.01,0.958376,-1,-1,-1
306,-1,831.648,173.131,26.531,63.18,0.878532,-1,-1,-1
306,-1,516.316,170.519,28.527,48.635,0.724819,-1,-1,-1
307,-1,241.139,155.885,75.629,182.155,0.987298,-1,-1,-1
307,-1,390.566,147.499,45.628,136.701,0.984194,-1,-1,-1
307,-1,829.996,171.355,32.439,66.958,0.939132,-1,-1,-1
307,-1,510.184,173.149,31.495,49.145,0.880532,-1,-1,-1
308,-1,176.39,175.51,84.489,172.048,0.992747,-1,-1,-1
308,-1,369.245,142.003,56.002,154.989,0.98585,-1,-1,-1
308,-1,849.774,166.33,29.074,73.268,0.94854,-1,-1,-1
308,-1,516.144,170.381,28.116,55.342,0.946733,-1,-1,-1
309,-1,96.734,168.428,123.498,193.83,0.997523,-1,-1,-1
309,-1,325.619,143.728,79.346,170.376,0.993719,-1,-1,-1
309,-1,859.148,169.824,26.607,66.997,0.971318,-1,-1,-1
309,-1,1029.16,272.173,41.1,84.244,0.963938,-1,-1,-1
309,-1,510.043,167.028,30.369,58.774,0.782063,-1,-1,-1
310,-1,7.01126,169.193,124.133,192.181,0.996594,-1,-1,-1
310,-1,288.508,161.925,94.571,188.896,0.992015,-1,-1,-1
310,-1,866.484,172.178,29.67,76.28,0.945215,-1,-1,-1
310,-1,895.958,165.61,22.575,76.858,0.74512,-1,-1,-1
310,-1,1137.52,293.824,44.38,68.612,0.602932,-1,-1,-1
311,-1,236.694,156.218,87.128,196.476,0.981525,-1,-1,-1
311,-1,877.54,176.385,40.346,78.116,0.948137,-1,-1,-1
311,-1,503.372,158.003,33.106,66.674,0.783279,-1,-1,-1
312,-1,163.34,145.559,113.901,220.144,0.991012,-1,-1,-1
312,-1,889.373,170.518,42.209,94.346,0.98,-1,-1,-1
312,-1,502.879,175.143,23.889,51.804,0.795426,-1,-1,-1
312,-1,916.845,179.866,30.493,91.646,0.663248,-1,-1,-1
313,-1,8.93084,134.474,183.695,239.526,0.994524,-1,-1,-1
313,-1,923.203,165.936,38.053,126.029,0.984273,-1,-1,-1
313,-1,488.419,171.469,24.369,59.269,0.82342,-1,-1,-1
313,-1,503.402,170.15,28.852,70.361,0.675651,-1,-1,-1
314,-1,925.711,165.002,55.482,101.481,0.976418,-1,-1,-1
314,-1,497.811,169.087,27.585,71.989,0.849182,-1,-1,-1
314,-1,963.404,265.075,36.466,94.593,0.845712,-1,-1,-1
315,-1,959.795,148.02,43.725,125.943,0.984578,-1,-1,-1
315,-1,493.929,163.296,35.283,81.655,0.91011,-1,-1,-1
315,-1,1024.69,273.18,42.76,76.976,0.721583,-1,-1,-1
315,-1,474.63,173.944,41.268,50.71,0.569714,-1,-1,-1
316,-1,965.677,157.11,53.303,121.747,0.986207,-1,-1,-1
316,-1,1121.82,294.427,47.28,68.878,0.904895,-1,-1,-1
316,-1,491.218,167.941,25.649,53.717,0.900074,-1,-1,-1
317,-1,1001.14,147.075,48.01,132.682,0.993955,-1,-1,-1
317,-1,487.306,167.208,31.03,68.752,0.949142,-1,-1,-1
317,-1,473.062,170.857,22.544,57.429,0.534261,-1,-1,-1
318,-1,480.613,163.715,32.325,75.258,0.974545,-1,-1,-1
318,-1,1033.01,138.971,49.96,167.464,0.973979,-1,-1,-1
318,-1,1182.28,187.804,51.05,118.413,0.58722,-1,-1,-1
319,-1,473.899,171.879,33.168,69.952,0.984363,-1,-1,-1
319,-1,1061.17,142.256,61.96,159.266,0.971774,-1,-1,-1
319,-1,902.021,252.252,33.143,103.318,0.730995,-1,-1,-1
320,-1,1103.17,123.046,63.76,180.183,0.992873,-1,-1,-1
320,-1,471.279,169.68,37.154,81.223,0.96684,-1,-1,-1
320,-1,940.86,251.324,40.412,96.456,0.748324,-1,-1,-1
321,-1,1142.99,128.479,79.15,196.229,0.997021,-1,-1,-1
321,-1,1006.92,270.843,46.62,86.369,0.9663,-1,-1,-1
321,-1,475.259,181.725,40.841,51.983,0.909376,-1,-1,-1
321,-1,454.497,174.532,38.02,71.884,0.830912,-1,-1,-1
322,-1,461.625,177.086,37.999,56.598,0.947209,-1,-1,-1
322,-1,1098.1,282.902,49,76.809,0.888505,-1,-1,-1
322,-1,451.09,170.898,23.227,67.372,0.531006,-1,-1,-1
323,-1,456.509,173.972,34.927,86.329,0.962425,-1,-1,-1
323,-1,446.165,170.341,25.72,73.333,0.786636,-1,-1,-1
323,-1,717.256,167.444,21.879,62.928,0.657731,-1,-1,-1
324,-1,454.607,176.149,32.997,78.437,0.969711,-1,-1,-1
324,-1,721.809,166.181,31.627,87.237,0.813505,-1,-1,-1
324,-1,708.285,166.812,24.605,67.935,0.672521,-1,-1,-1
325,-1,451.036,169.345,36.612,99.207,0.957983,-1,-1,-1
325,-1,428.608,169.982,38.972,95.138,0.950704,-1,-1,-1
325,-1,871.199,232.886,31.229,87.336,0.682499,-1,-1,-1
325,-1,734.644,159.226,23.445,69.486,0.656459,-1,-1,-1
326,-1,461.171,170.175,40.901,98.936,0.950082,-1,-1,-1
326,-1,428.045,182.475,37.906,77.256,0.94764,-1,-1,-1
326,-1,723.424,156.51,34.486,95.224,0.937426,-1,-1,-1
326,-1,908.902,259.693,40.67,100.175,0.667526,-1,-1,-1
327,-1,443.706,181.97,43.254,100.451,0.963885,-1,-1,-1
327,-1,966.047,254.725,34.773,103.852,0.949458,-1,-1,-1
327,-1,727.295,170.056,32.643,69.708,0.941633,-1,-1,-1
327,-1,413.291,189.921,37.403,85.658,0.900128,-1,-1,-1
328,-1,445.179,178.668,45.512,102.029,0.976526,-1,-1,-1
328,-1,401.905,175.93,43.111,99.329,0.95474,-1,-1,-1
328,-1,731.34,155.799,44.663,95.526,0.944364,-1,-1,-1
328,-1,1018.98,267.07,38.96,90.077,0.692851,-1,-1,-1
328,-1,713.213,154.013,36.682,83.208,0.63735,-1,-1,-1
329,-1,431.002,182.294,41.052,109.65,0.977423,-1,-1,-1
329,-1,1109.8,290.831,45.69,68.635,0.962728,-1,-1,-1
329,-1,400.561,185.107,42.273,115.404,0.956826,-1,-1,-1
329,-1,751.616,162.83,28.163,89.154,0.855134,-1,-1,-1
330,-1,372.348,185.411,54.398,113.311,0.987169,-1,-1,-1
330,-1,420.694,181.594,49.266,119.67,0.98398,-1,-1,-1
330,-1,765.72,154.214,33.216,90.351,0.819916,-1,-1,-1
330,-1,741.972,162.649,30.673,94.343,0.749411,-1,-1,-1
331,-1,366.524,178.573,41.64,113.291,0.980361,-1,-1,-1
331,-1,409.838,183.261,48.267,113.522,0.977901,-1,-1,-1
331,-1,756.891,160.559,33.339,96.705,0.951641,-1,-1,-1
331,-1,383.191,161.983,53.034,159.51,0.666056,-1,-1,-1
332,-1,387.145,175.986,62.394,127.896,0.977244,-1,-1,-1
332,-1,756.721,158.201,47.061,105.596,0.972348,-1,-1,-1
332,-1,336.087,174.469,52.57,140.808,0.971069,-1,-1,-1
332,-1,903.998,242.009,34.113,104.024,0.908721,-1,-1,-1
332,-1,364.153,189.83,41.913,106.135,0.801974,-1,-1,-1
332,-1,736.224,161.3,37.896,93.063,0.639118,-1,-1,-1
332,-1,790.486,164.97,27.833,84.069,0.576139,-1,-1,-1
333,-1,372.902,174.728,58.466,157.008,0.973615,-1,-1,-1
333,-1,327.709,181.438,42.873,148.296,0.969587,-1,-1,-1
333,-1,774.81,155.308,43.975,117.189,0.967054,-1,-1,-1
333,-1,925.983,250.744,36.181,104.125,0.954166,-1,-1,-1
333,-1,890.311,164.288,49.391,78.512,0.719593,-1,-1,-1
333,-1,735.252,177.821,32.027,82.384,0.572984,-1,-1,-1
333,-1,751.414,167.325,36.638,105.729,0.513317,-1,-1,-1
334,-1,358.908,178.784,46.069,169.626,0.976653,-1,-1,-1
334,-1,785.701,156.787,49.472,129.836,0.966493,-1,-1,-1
334,-1,297.436,184.224,55.516,160.807,0.963153,-1,-1,-1
334,-1,983.883,274.369,39.037,86.545,0.934036,-1,-1,-1
334,-1,906.268,166.464,42.626,72.488,0.675405,-1,-1,-1
334,-1,751.745,169.304,27.964,86.893,0.631305,-1,-1,-1
335,-1,333.381,174.275,63.254,185.871,0.980824,-1,-1,-1
335,-1,1041.34,289.099,45.82,65.286,0.967167,-1,-1,-1
335,-1,803.931,161.956,42.271,130.194,0.930257,-1,-1,-1
335,-1,287.228,188.833,42.927,159.619,0.925312,-1,-1,-1
335,-1,759.365,169.854,41.835,89.727,0.834337,-1,-1,-1
335,-1,926.951,174.449,48.93,75.172,0.770715,-1,-1,-1
336,-1,303.844,186.132,75.016,169.332,0.97492,-1,-1,-1
336,-1,763.75,163.051,38.035,102.071,0.965448,-1,-1,-1
336,-1,815.529,155.97,42.933,129.505,0.912646,-1,-1,-1
336,-1,250.865,188.142,58.447,180.214,0.911233,-1,-1,-1
336,-1,933.369,175.704,35.19,72.614,0.884073,-1,-1,-1
336,-1,909.35,169.639,39.966,77.464,0.873233,-1,-1,-1
337,-1,272.205,177.33,74.397,194.485,0.982882,-1,-1,-1
337,-1,218.949,184.704,68.044,178.9,0.976111,-1,-1,-1
337,-1,832.8,147.343,44.537,137.668,0.961095,-1,-1,-1
337,-1,771.072,161.508,47.499,120.068,0.955929,-1,-1,-1
337,-1,931.261,169.554,32.876,85.165,0.928855,-1,-1,-1
337,-1,959.335,170.891,42.185,69.006,0.913654,-1,-1,-1
338,-1,253.269,183.838,67.667,186.15,0.9912,-1,-1,-1
338,-1,850.6,146.943,48.522,154.012,0.958671,-1,-1,-1
338,-1,945.854,173.207,37.451,85.367,0.955694,-1,-1,-1
338,-1,775.959,154.401,67.155,120.065,0.915547,-1,-1,-1
338,-1,185.407,163.795,64.228,199.055,0.890077,-1,-1,-1
338,-1,976.132,180.582,25.248,76.075,0.678133,-1,-1,-1
339,-1,215.437,170.402,78.078,190.566,0.992256,-1,-1,-1
339,-1,790.511,144.371,64.979,138.101,0.980998,-1,-1,-1
339,-1,869.466,148.92,52.135,195.599,0.950098,-1,-1,-1
339,-1,955.94,176.425,44.08,81.653,0.934038,-1,-1,-1
339,-1,148.177,166.61,56.285,143.54,0.797657,-1,-1,-1
339,-1,982.711,173.075,40.159,67.851,0.585985,-1,-1,-1
340,-1,800.019,139.713,65.685,162.962,0.98916,-1,-1,-1
340,-1,165.911,173.417,86.205,198.671,0.986945,-1,-1,-1
340,-1,881.722,140.292,45.963,170.431,0.983809,-1,-1,-1
340,-1,993.422,167.396,46.518,102.415,0.940571,-1,-1,-1
340,-1,92.4337,160.702,84.2883,174.359,0.885339,-1,-1,-1
