1,-1,477.417,133.575,538.389,340.247,0.985314,-1,-1,-1
1,-1,387.83,158.467,488.339,340.606,0.97094,-1,-1,-1
2,-1,417.554,152.34,504.617,340.932,0.990937,-1,-1,-1
2,-1,499.257,139.014,564.744,342.578,0.990493,-1,-1,-1
3,-1,498.214,128.481,568.804,328.778,0.995258,-1,-1,-1
3,-1,424.154,153.412,506.649,342.911,0.986761,-1,-1,-1
4,-1,439.309,143.884,519.771,352.052,0.994842,-1,-1,-1
4,-1,518.468,130,573.743,349.953,0.987654,-1,-1,-1
5,-1,516.955,131.026,603.678,341.733,0.993197,-1,-1,-1
5,-1,460.852,141.261,520.927,351.845,0.983597,-1,-1,-1
6,-1,538.367,144.488,601.898,350.995,0.99477,-1,-1,-1
6,-1,457.382,156.632,547.188,341.755,0.989349,-1,-1,-1
7,-1,481.114,140.433,552.479,351.091,0.991944,-1,-1,-1
7,-1,551.227,140.883,615.6,341.373,0.985207,-1,-1,-1
8,-1,559.924,142.305,618.681,334.134,0.990819,-1,-1,-1
8,-1,492.365,155.3,562.53,336.083,0.975726,-1,-1,-1
9,-1,580.236,134.541,633.115,343.818,0.986716,-1,-1,-1
9,-1,506.963,158.328,574,350.836,0.963329,-1,-1,-1
10,-1,581.56,132.447,644.604,334.973,0.991309,-1,-1,-1
10,-1,520.272,150.418,597.228,344.99,0.985844,-1,-1,-1
11,-1,526.89,158.186,611.603,342.652,0.993296,-1,-1,-1
11,-1,243.122,136.767,298.449,297.543,0.966675,-1,-1,-1
11,-1,602.995,147.678,662.734,342.45,0.964845,-1,-1,-1
12,-1,545.382,151.221,629.81,349.621,0.990525,-1,-1,-1
12,-1,613.926,145.141,676.888,350.39,0.97402,-1,-1,-1
12,-1,243.57,138.252,308.199,296.828,0.950364,-1,-1,-1
12,-1,508.681,135.805,543.602,184.531,0.770134,-1,-1,-1
13,-1,552.147,151.93,661.44,359.591,0.988067,-1,-1,-1
13,-1,626.171,150.045,697.398,353.97,0.97436,-1,-1,-1
13,-1,254.982,133.642,322.057,288.766,0.968768,-1,-1,-1
13,-1,504.996,129.224,536.283,196.469,0.736315,-1,-1,-1
14,-1,646.888,146.608,700.379,362.439,0.982562,-1,-1,-1
14,-1,254.132,137.935,334.629,311.38,0.981753,-1,-1,-1
14,-1,576.705,158.945,656.743,355.456,0.979956,-1,-1,-1
14,-1,494.432,134.831,526.723,198.536,0.673853,-1,-1,-1
15,-1,596.462,144.982,674.482,361.891,0.992956,-1,-1,-1
15,-1,652.59,148.269,721.554,360.894,0.979891,-1,-1,-1
15,-1,273.951,144.053,347.874,287.096,0.970793,-1,-1,-1
15,-1,495.056,138.808,526.029,197.697,0.793536,-1,-1,-1
15,-1,239.144,132.457,274.633,198.015,0.701717,-1,-1,-1
15,-1,513.07,132.169,548.061,191.935,0.635846,-1,-1,-1
16,-1,658.277,144.896,730.979,361.955,0.994229,-1,-1,-1
16,-1,588.158,150.656,673.483,352.988,0.982293,-1,-1,-1
16,-1,280.721,138.012,360.186,328.84,0.959602,-1,-1,-1
16,-1,501.933,130.656,537.435,195.012,0.865727,-1,-1,-1
16,-1,248.412,133.759,283.479,213.969,0.668597,-1,-1,-1
17,-1,585.944,144.844,720.58,358.825,0.992635,-1,-1,-1
17,-1,294.363,111.71,379.317,339.497,0.983005,-1,-1,-1
17,-1,675.009,145.081,754.422,353.46,0.97805,-1,-1,-1
17,-1,250.117,122.537,306.478,304.454,0.892538,-1,-1,-1
17,-1,502.042,128.3,535.041,202.913,0.888704,-1,-1,-1
18,-1,611.526,146.596,707.298,363.244,0.990819,-1,-1,-1
18,-1,692.732,147.877,764.829,364.886,0.988203,-1,-1,-1
18,-1,306.292,122.575,402.439,334.494,0.93201,-1,-1,-1
18,-1,515.683,132.887,545.056,202.233,0.882139,-1,-1,-1
18,-1,270.158,138.546,319.353,226.6,0.736707,-1,-1,-1
18,-1,492.035,131.088,527.33,203.334,0.691443,-1,-1,-1
18,-1,531.568,133.657,565.882,192.194,0.607998,-1,-1,-1
19,-1,1137.03,152.72,1212.97,353.355,0.992521,-1,-1,-1
19,-1,627.896,154.608,718.535,362.619,0.986729,-1,-1,-1
19,-1,699.173,147.827,771.2,352.351,0.984407,-1,-1,-1
19,-1,513.547,146.26,553.816,186.886,0.903117,-1,-1,-1
19,-1,298.742,97.7595,413.002,330.564,0.632553,-1,-1,-1
19,-1,269.32,168.094,318.467,331.046,0.580045,-1,-1,-1
20,-1,1110.97,147.083,1204.9,351.638,0.989922,-1,-1,-1
20,-1,655.651,150.686,726.867,354.924,0.988635,-1,-1,-1
20,-1,717.646,133.151,781.751,337.593,0.982856,-1,-1,-1
20,-1,341.731,139.206,411.159,312.638,0.966457,-1,-1,-1
20,-1,501.043,139.33,539.058,196.167,0.92032,-1,-1,-1
20,-1,270.223,136.66,343.278,342.654,0.900745,-1,-1,-1
20,-1,527.618,128.109,556.724,205.043,0.826132,-1,-1,-1
21,-1,1065.35,137.664,1175.25,341.943,0.994954,-1,-1,-1
21,-1,661.086,144.409,741.216,368.351,0.986304,-1,-1,-1
21,-1,352.263,126.622,427.001,336.94,0.986061,-1,-1,-1
21,-1,262.748,129.176,349.126,330.187,0.978803,-1,-1,-1
21,-1,715.351,137.086,804.651,366.863,0.955809,-1,-1,-1
21,-1,505.778,131.401,546.799,200.476,0.947781,-1,-1,-1
21,-1,488.333,141.133,527.151,188.908,0.618705,-1,-1,-1
22,-1,1020.95,156.635,1145.67,369,0.998364,-1,-1,-1
22,-1,360.28,139.031,438.438,341.315,0.99343,-1,-1,-1
22,-1,672.848,152.484,798.181,354.493,0.992134,-1,-1,-1
22,-1,287.509,141.523,362.652,336.853,0.984796,-1,-1,-1
22,-1,502.857,130.311,544.488,201.85,0.910746,-1,-1,-1
23,-1,988.488,153.99,1117.25,369,0.997118,-1,-1,-1
23,-1,694.397,150.384,810.775,363.332,0.992191,-1,-1,-1
23,-1,389.495,129.369,472.886,328.385,0.972051,-1,-1,-1
23,-1,303.499,125.414,374.301,334.349,0.971455,-1,-1,-1
23,-1,770.41,151.174,834.458,329.279,0.939877,-1,-1,-1
23,-1,514.385,126.464,555.317,197.805,0.903706,-1,-1,-1
24,-1,972.444,152.777,1072.98,369,0.997928,-1,-1,-1
24,-1,702.512,143.946,826.178,369,0.987845,-1,-1,-1
24,-1,395.217,148.407,474.627,324.253,0.986072,-1,-1,-1
24,-1,780.052,145.273,853.997,356.66,0.985581,-1,-1,-1
24,-1,311.56,138.404,394.359,331.066,0.983229,-1,-1,-1
24,-1,516.884,137.63,541.86,201.851,0.902676,-1,-1,-1
25,-1,729.324,144.667,813.818,357.761,0.993443,-1,-1,-1
25,-1,788.849,146.521,867.786,357.964,0.992757,-1,-1,-1
25,-1,320.087,117.802,408.825,339.699,0.990407,-1,-1,-1
25,-1,940.321,154.884,1036.12,353.225,0.98638,-1,-1,-1
25,-1,386.62,135.074,480.332,325.947,0.985291,-1,-1,-1
25,-1,520.736,127.93,548.094,190.057,0.865737,-1,-1,-1
26,-1,926.931,148.619,1004.04,364.866,0.996362,-1,-1,-1
26,-1,748.49,144.39,837.854,355.843,0.989616,-1,-1,-1
26,-1,335.219,127.673,408.235,331.431,0.983305,-1,-1,-1
26,-1,815.872,140.195,881.547,349.474,0.979055,-1,-1,-1
26,-1,435.049,145.554,502.072,323.708,0.949972,-1,-1,-1
26,-1,502.273,143.12,548.365,188.696,0.867716,-1,-1,-1
26,-1,533.604,127.301,561.037,193.402,0.604577,-1,-1,-1
27,-1,743.485,148.442,864.183,355.189,0.996165,-1,-1,-1
27,-1,441.556,134.29,506.696,332.803,0.994304,-1,-1,-1
27,-1,337.845,128.873,418.711,333.872,0.991101,-1,-1,-1
27,-1,898.43,147.046,990.556,366.137,0.987951,-1,-1,-1
27,-1,828.334,130.409,901.245,360.16,0.981773,-1,-1,-1
27,-1,512.341,129.576,539.129,204.283,0.869709,-1,-1,-1
27,-1,532.829,130.121,563.011,198.471,0.665174,-1,-1,-1
28,-1,748.634,162.24,886.045,349.121,0.997454,-1,-1,-1
28,-1,344.589,126.85,436.565,345.48,0.993603,-1,-1,-1
28,-1,442.262,142.387,522.914,329.635,0.993461,-1,-1,-1
28,-1,865.642,153.789,951.182,366.695,0.992316,-1,-1,-1
28,-1,518.638,136.811,548.944,208.246,0.88073,-1,-1,-1
29,-1,762.447,163.491,907.596,357.01,0.995288,-1,-1,-1
29,-1,468.135,144.483,532.184,334.097,0.993769,-1,-1,-1
29,-1,868.531,139.971,946.129,355.861,0.990386,-1,-1,-1
29,-1,374.811,126.193,444.793,338.382,0.977368,-1,-1,-1
29,-1,525.647,133.665,560.83,192.216,0.798725,-1,-1,-1
29,-1,511.892,143.208,540.701,208.458,0.513312,-1,-1,-1
30,-1,382.504,133.699,451.759,346.021,0.990416,-1,-1,-1
30,-1,878.396,143.56,964.254,345.691,0.989074,-1,-1,-1
30,-1,805.042,156.973,890.759,360.832,0.988266,-1,-1,-1
30,-1,489.141,134.497,551.498,345.018,0.96237,-1,-1,-1
31,-1,390.194,137.987,472.463,354.447,0.991865,-1,-1,-1
31,-1,867.058,147.418,998.919,351.855,0.988828,-1,-1,-1
31,-1,498.253,148.267,557.117,338.554,0.981512,-1,-1,-1
31,-1,800.032,168.723,882.992,345.881,0.974406,-1,-1,-1
32,-1,389.901,131.531,475.064,337.414,0.996101,-1,-1,-1
32,-1,765.883,171.614,850.373,356.879,0.993425,-1,-1,-1
32,-1,507.498,144.881,561.531,330.162,0.992058,-1,-1,-1
32,-1,840.814,142.029,964.7,368.574,0.991394,-1,-1,-1
32,-1,918.373,146.86,994.567,313.651,0.907112,-1,-1,-1
33,-1,424.416,131.801,495.185,336.388,0.995888,-1,-1,-1
33,-1,751.619,157.832,824.496,368.849,0.994081,-1,-1,-1
33,-1,868.265,142.329,987.591,369,0.99356,-1,-1,-1
33,-1,525.025,141.447,580.22,346.655,0.992997,-1,-1,-1
33,-1,942.308,142.163,1024.15,366.666,0.957417,-1,-1,-1
34,-1,532.358,144.919,613.943,334.76,0.997954,-1,-1,-1
34,-1,887.07,143.79,1058.66,369,0.996937,-1,-1,-1
34,-1,436.256,127.446,499.638,340.541,0.99496,-1,-1,-1
34,-1,738.448,152.243,807.9,359.743,0.991548,-1,-1,-1
35,-1,707.22,154.089,797.69,356.138,0.995786,-1,-1,-1
35,-1,925.908,145.876,1073.2,365.154,0.995388,-1,-1,-1
35,-1,544.032,143.082,621.234,346.957,0.994122,-1,-1,-1
35,-1,440.362,118.205,516.596,346.177,0.983383,-1,-1,-1
36,-1,942.39,138.025,1104.29,369,0.997991,-1,-1,-1
36,-1,454.249,124.12,537.454,353.969,0.995744,-1,-1,-1
36,-1,561.419,152.062,629.955,342.98,0.994899,-1,-1,-1
36,-1,680.844,154.073,778.306,345.827,0.99227,-1,-1,-1
37,-1,968.99,140.467,1109.86,369,0.99535,-1,-1,-1
37,-1,675.849,165.272,742.719,360.161,0.991089,-1,-1,-1
37,-1,468.679,133.923,544.148,342.028,0.987769,-1,-1,-1
37,-1,581.011,157.905,641.348,361.163,0.987422,-1,-1,-1
38,-1,997.483,150.978,1132.51,356.367,0.997767,-1,-1,-1
38,-1,586.995,154.427,660.439,349.44,0.990785,-1,-1,-1
38,-1,486.675,137.87,554.987,347.101,0.98775,-1,-1,-1
38,-1,653.762,154.102,716.863,343.767,0.986379,-1,-1,-1
39,-1,1011.26,138.367,1184.2,364.654,0.997312,-1,-1,-1
39,-1,499.05,139.897,567.198,350.91,0.996044,-1,-1,-1
39,-1,600.548,148.505,697.397,358.302,0.993612,-1,-1,-1
40,-1,1057.39,146.303,1206.09,362.258,0.996407,-1,-1,-1
40,-1,522.413,134.241,593.123,326.029,0.994969,-1,-1,-1
40,-1,616.444,156.134,706.93,343.313,0.987612,-1,-1,-1
41,-1,1068.75,145.787,1223,347.342,0.998598,-1,-1,-1
41,-1,524.907,149.078,604.683,366.51,0.994079,-1,-1,-1
41,-1,637.447,145.925,716.381,345.289,0.992091,-1,-1,-1
41,-1,591.065,151.068,643.486,333.899,0.833123,-1,-1,-1
42,-1,1107.31,136.34,1223,364.942,0.999023,-1,-1,-1
42,-1,531.8,143.894,648.106,354.825,0.995722,-1,-1,-1
42,-1,648.454,146.365,715.492,345.043,0.994891,-1,-1,-1
43,-1,672.193,156.895,740.114,358.472,0.995798,-1,-1,-1
43,-1,549.815,146.834,635.492,344.72,0.992412,-1,-1,-1
43,-1,1142.75,157.674,1223,355.435,0.966967,-1,-1,-1
44,-1,664.2,143.295,768.665,366.144,0.99581,-1,-1,-1
44,-1,599.835,139.36,655.999,341.148,0.985223,-1,-1,-1
44,-1,527.615,158.161,614.731,354.824,0.98484,-1,-1,-1
44,-1,1170.61,133.584,1223,359.834,0.560709,-1,-1,-1
45,-1,691.284,159.42,779.83,354.224,0.998416,-1,-1,-1
45,-1,591.165,125.296,676.533,367.713,0.993842,-1,-1,-1
45,-1,510.245,151.442,575.587,326.284,0.960311,-1,-1,-1
46,-1,706.798,152.322,797.642,357.763,0.998464,-1,-1,-1
46,-1,620.12,139.133,693.191,353.952,0.992269,-1,-1,-1
46,-1,494.915,136.342,562.235,331.88,0.977863,-1,-1,-1
46,-1,562.174,152.628,588.595,224.438,0.85485,-1,-1,-1
47,-1,717.099,150.498,807.294,365.496,0.997254,-1,-1,-1
47,-1,633.931,119.265,711.529,362.988,0.997102,-1,-1,-1
47,-1,488.178,148.003,541.434,324.665,0.976217,-1,-1,-1
47,-1,559.84,148.612,588.858,213.146,0.925171,-1,-1,-1
47,-1,597.467,153.221,630.08,207.214,0.558801,-1,-1,-1
48,-1,630.278,138.088,742.885,360.554,0.997115,-1,-1,-1
48,-1,735.071,140.816,818.735,364.681,0.995783,-1,-1,-1
48,-1,454.795,132.81,517.518,336.529,0.945832,-1,-1,-1
48,-1,559.51,147.494,585.382,227.188,0.904358,-1,-1,-1
48,-1,574.452,143.956,599.381,209.959,0.851921,-1,-1,-1
48,-1,588.797,144.91,613.421,213.937,0.841466,-1,-1,-1
48,-1,533.806,144.233,553.651,215.412,0.662942,-1,-1,-1
48,-1,548.394,140.58,569.804,225.009,0.589504,-1,-1,-1
49,-1,668.334,123.71,755.508,369,0.996213,-1,-1,-1
49,-1,416.018,152.786,519.797,324.541,0.993063,-1,-1,-1
49,-1,755.935,138.66,844.039,359.634,0.981243,-1,-1,-1
49,-1,572.487,143.751,600.193,207.991,0.895957,-1,-1,-1
49,-1,550.33,136.128,581.798,210.298,0.836923,-1,-1,-1
49,-1,530.424,141.267,552.709,206.4,0.774813,-1,-1,-1
49,-1,591.873,141.278,617.113,221.701,0.715537,-1,-1,-1
50,-1,766.261,136.971,859.985,357.006,0.995611,-1,-1,-1
50,-1,685.558,120.277,763.823,366.958,0.992815,-1,-1,-1
50,-1,410.098,147.151,489.823,331.122,0.972143,-1,-1,-1
50,-1,578.095,144.506,608.67,214.937,0.914374,-1,-1,-1
50,-1,520.567,139.448,544.624,206.377,0.899085,-1,-1,-1
50,-1,594.672,146.489,625.413,205.987,0.806166,-1,-1,-1
50,-1,536.372,138.439,560.182,217.358,0.80524,-1,-1,-1
51,-1,794.526,133.007,879.848,368.615,0.997255,-1,-1,-1
51,-1,695.415,114.435,793.786,368.418,0.975761,-1,-1,-1
51,-1,383.425,126.011,470.101,331.872,0.949157,-1,-1,-1
51,-1,582.245,135.844,615.518,206.446,0.887017,-1,-1,-1
51,-1,534.313,136.536,572.064,221.711,0.836034,-1,-1,-1
51,-1,524.289,133.755,549.47,208.593,0.802809,-1,-1,-1
51,-1,564.675,139.489,588.959,213.466,0.748594,-1,-1,-1
52,-1,703.688,105.948,816.488,369,0.997783,-1,-1,-1
52,-1,828.156,142.905,906.457,357.939,0.995528,-1,-1,-1
52,-1,367.055,143.016,450.959,334.657,0.985572,-1,-1,-1
52,-1,578.341,145.712,615.161,223.192,0.949827,-1,-1,-1
52,-1,535.956,135.051,571.878,217.602,0.84673,-1,-1,-1
52,-1,564.779,139.075,592.027,212.407,0.730768,-1,-1,-1
52,-1,599.034,148.015,629.173,204.995,0.715715,-1,-1,-1
52,-1,511.359,134.151,541.111,207.735,0.585065,-1,-1,-1
53,-1,726.978,118.022,828.19,362.763,0.995348,-1,-1,-1
53,-1,850.706,136.374,931.2,357.937,0.995169,-1,-1,-1
53,-1,318.497,111.191,450.286,347.471,0.948754,-1,-1,-1
53,-1,579.058,151.016,612,225.518,0.910853,-1,-1,-1
53,-1,528.146,138.538,559.218,208.216,0.872469,-1,-1,-1
53,-1,593.676,145.814,631.706,208.045,0.845746,-1,-1,-1
53,-1,565.1,143.672,588.675,211.22,0.668562,-1,-1,-1
53,-1,512.566,139.762,540.616,205.676,0.536471,-1,-1,-1
54,-1,745.983,124.023,848.128,369,0.997919,-1,-1,-1
54,-1,870.653,134.054,946.191,350.543,0.995822,-1,-1,-1
54,-1,310.242,99.166,438.485,336.985,0.962206,-1,-1,-1
54,-1,530.274,131.939,555.41,200.259,0.879063,-1,-1,-1
54,-1,583.6,142.075,612.232,209.751,0.857445,-1,-1,-1
54,-1,540.941,138.053,575.62,220.638,0.843777,-1,-1,-1
54,-1,563.426,138.679,594.09,219.188,0.614124,-1,-1,-1
54,-1,514.766,141.941,540.897,203.68,0.503103,-1,-1,-1
55,-1,769.858,107.945,872.075,369,0.997446,-1,-1,-1
55,-1,882.91,140.764,1003.93,346.632,0.996003,-1,-1,-1
55,-1,521.771,130.491,559.27,211.965,0.924019,-1,-1,-1
55,-1,590.268,136.244,628.529,219.144,0.830351,-1,-1,-1
55,-1,318.106,108.897,398.321,323.263,0.737786,-1,-1,-1
55,-1,557.657,138.009,582.404,212.712,0.629271,-1,-1,-1
56,-1,899.947,148.34,1048.31,357.391,0.997479,-1,-1,-1
56,-1,788.471,117.302,906.294,350.955,0.997273,-1,-1,-1
56,-1,311.72,139.538,383.211,329.733,0.99477,-1,-1,-1
56,-1,530.251,137.539,559.18,206.344,0.956887,-1,-1,-1
56,-1,600.824,142.103,635.931,220.092,0.875682,-1,-1,-1
56,-1,547.446,132.487,578.682,209.934,0.826384,-1,-1,-1
56,-1,580.754,138.847,617.279,206.818,0.625784,-1,-1,-1
57,-1,819.915,106.998,924.481,369,0.997379,-1,-1,-1
57,-1,932.856,135.16,1049.58,363.059,0.996656,-1,-1,-1
57,-1,281.032,130.045,372.117,325.884,0.985281,-1,-1,-1
57,-1,535.044,140.647,572.946,223.755,0.9303,-1,-1,-1
57,-1,598.533,146.675,631.203,221.792,0.91543,-1,-1,-1
57,-1,557.46,140.02,594.191,227.06,0.635052,-1,-1,-1
57,-1,580.164,143.982,611.833,209.644,0.517928,-1,-1,-1
58,-1,961.707,145.285,1095.58,342.868,0.998042,-1,-1,-1
58,-1,845.245,107.066,940.375,368.078,0.99724,-1,-1,-1
58,-1,274.905,137.502,363.597,336.867,0.978221,-1,-1,-1
58,-1,533.033,133.183,567.676,211.833,0.921729,-1,-1,-1
58,-1,600.818,142.017,636.328,224.466,0.879731,-1,-1,-1
58,-1,554.945,133.698,593.471,222.219,0.795551,-1,-1,-1
58,-1,581.23,142.788,618.17,209.924,0.520343,-1,-1,-1
59,-1,999.051,129.547,1093.29,335.069,0.996783,-1,-1,-1
59,-1,855.987,116.014,983.573,360.646,0.996181,-1,-1,-1
59,-1,262.583,130.475,337.144,344.739,0.987222,-1,-1,-1
59,-1,540.516,129.632,576.483,208.016,0.943728,-1,-1,-1
59,-1,600.625,144.584,632.489,220.1,0.809646,-1,-1,-1
60,-1,902.047,104.474,1005.16,369,0.997961,-1,-1,-1
60,-1,1035.4,142.667,1118.84,336.043,0.993725,-1,-1,-1
60,-1,250.727,142.001,324.336,315.267,0.992396,-1,-1,-1
60,-1,544.754,141.008,581.51,222.476,0.949773,-1,-1,-1
60,-1,601.386,142.208,637.549,230.161,0.808993,-1,-1,-1
60,-1,573.333,141.632,610.384,211.792,0.668701,-1,-1,-1
61,-1,924.877,97.7567,1048.37,361.095,0.998709,-1,-1,-1
61,-1,1061.66,146.278,1149.28,325.191,0.995757,-1,-1,-1
61,-1,541.092,131.498,576.877,209.251,0.944162,-1,-1,-1
61,-1,606.545,150.135,640.015,230.109,0.839865,-1,-1,-1
61,-1,576.546,144.592,606.508,222.849,0.71402,-1,-1,-1
62,-1,1099.53,147.434,1188.25,334.351,0.996306,-1,-1,-1
62,-1,947.615,97.7506,1064.08,365.768,0.995907,-1,-1,-1
62,-1,614.086,157.72,651.197,231.458,0.935915,-1,-1,-1
62,-1,557.626,138.363,590.764,220.202,0.864147,-1,-1,-1
62,-1,542.072,131.627,572.695,212.69,0.593382,-1,-1,-1
63,-1,981.419,89.2527,1114.81,367.502,0.996812,-1,-1,-1
63,-1,1132.98,127.26,1223,355.762,0.993643,-1,-1,-1
63,-1,541.336,140.813,575.701,212.968,0.942259,-1,-1,-1
63,-1,606.831,154.104,650.802,239.826,0.939383,-1,-1,-1
63,-1,575.272,155.886,608.628,217.633,0.591051,-1,-1,-1
64,-1,1018.74,102.729,1139.18,367.925,0.994183,-1,-1,-1
64,-1,1166.79,132.34,1223,364.923,0.992251,-1,-1,-1
64,-1,550.058,137.777,583.19,220.003,0.935987,-1,-1,-1
64,-1,619.789,150.946,653.503,230.02,0.910749,-1,-1,-1
64,-1,566.901,138.776,607.418,231.055,0.850669,-1,-1,-1
64,-1,530.121,141.056,561.829,210.549,0.544124,-1,-1,-1
65,-1,1045.98,97.8839,1180.96,369,0.995377,-1,-1,-1
65,-1,542.282,138.03,575.219,210.704,0.909059,-1,-1,-1
65,-1,561.354,134.64,593.712,208.02,0.882666,-1,-1,-1
65,-1,622.936,141.5,665.463,241.009,0.505498,-1,-1,-1
66,-1,1080.9,96.2023,1223,354.217,0.996625,-1,-1,-1
66,-1,626.89,151.208,673.444,251.138,0.941827,-1,-1,-1
66,-1,568.385,139.31,599.644,225.584,0.929489,-1,-1,-1
66,-1,549.254,136.818,581.548,220.286,0.910696,-1,-1,-1
67,-1,1132.48,115.64,1223,369,0.983466,-1,-1,-1
67,-1,632.658,147.922,686.628,249.376,0.980625,-1,-1,-1
67,-1,570.915,140.71,601.114,221.559,0.947375,-1,-1,-1
67,-1,543.621,140.406,583.674,218.379,0.889698,-1,-1,-1
68,-1,636.335,149.298,683.226,256.877,0.984139,-1,-1,-1
68,-1,1173.02,155.116,1223,367.654,0.94388,-1,-1,-1
68,-1,564.02,130.024,599.164,220.987,0.911028,-1,-1,-1
68,-1,547.656,138.762,577.826,214.691,0.873519,-1,-1,-1
69,-1,636.281,142.603,685.961,259.607,0.985381,-1,-1,-1
69,-1,557.126,137.461,594.003,225.361,0.847137,-1,-1,-1
69,-1,540.961,139.333,567.857,218.732,0.552473,-1,-1,-1
70,-1,642.763,144.576,690.849,257.021,0.988713,-1,-1,-1
70,-1,550.616,138.93,578.219,209.172,0.841119,-1,-1,-1
70,-1,571.3,139.054,608.914,226.945,0.778405,-1,-1,-1
70,-1,593.199,147.587,624.262,227.805,0.566084,-1,-1,-1
71,-1,646.492,150.295,694.311,258.684,0.986628,-1,-1,-1
71,-1,547.705,136.677,576.331,209.31,0.91078,-1,-1,-1
71,-1,568.856,131.044,608.416,227.58,0.825951,-1,-1,-1
71,-1,595.562,154.669,627.588,226.267,0.657272,-1,-1,-1
72,-1,649.906,152.669,697.422,259.745,0.983221,-1,-1,-1
72,-1,539.016,142.354,567.568,210.607,0.883516,-1,-1,-1
72,-1,557.269,143.097,587.477,221.227,0.839922,-1,-1,-1
72,-1,598.516,153.791,626.925,223.242,0.766545,-1,-1,-1
72,-1,577.131,131.926,605.34,222.38,0.637434,-1,-1,-1
73,-1,655.947,151.935,704.511,256.15,0.991031,-1,-1,-1
73,-1,548.063,137.922,578.066,209.63,0.83926,-1,-1,-1
73,-1,591.058,146.006,620.446,224.922,0.829215,-1,-1,-1
74,-1,659.99,151.303,712.943,260.016,0.989688,-1,-1,-1
74,-1,594.672,139.563,623.645,217.278,0.768182,-1,-1,-1
74,-1,542.78,136.862,594.729,234.455,0.754138,-1,-1,-1
75,-1,671.963,153.689,720.934,252.926,0.974804,-1,-1,-1
75,-1,598.139,141.329,625.884,210.002,0.918353,-1,-1,-1
75,-1,553.026,134.749,588.465,216.613,0.891484,-1,-1,-1
76,-1,673.82,147.678,729.381,266.473,0.983847,-1,-1,-1
76,-1,600.14,148.823,632.773,216.623,0.948514,-1,-1,-1
76,-1,553.984,139.594,593.555,230.926,0.932204,-1,-1,-1
77,-1,688.474,159.334,743.215,268.345,0.984013,-1,-1,-1
77,-1,553.918,145.54,586.103,226.599,0.970857,-1,-1,-1
77,-1,598.461,157.012,629.32,232.451,0.939432,-1,-1,-1
78,-1,689.907,156.46,740.696,269.742,0.976419,-1,-1,-1
78,-1,551.819,136.928,593.486,224.149,0.974012,-1,-1,-1
78,-1,609.405,143.372,637.176,208.898,0.958913,-1,-1,-1
79,-1,699.926,146.418,746.1,289.335,0.978794,-1,-1,-1
79,-1,553.272,134.296,590.439,230.769,0.971058,-1,-1,-1
79,-1,607.33,139.691,641.411,212.702,0.945,-1,-1,-1
79,-1,670.111,150.023,702.08,232.868,0.649826,-1,-1,-1
80,-1,698.942,153.656,763.571,277.908,0.986537,-1,-1,-1
80,-1,559.362,139.515,595.553,230.071,0.958294,-1,-1,-1
80,-1,663.059,148.6,704.079,241.734,0.900167,-1,-1,-1
80,-1,604.929,149.629,639.571,225.854,0.86652,-1,-1,-1
81,-1,709.675,153.762,764.234,288.303,0.984462,-1,-1,-1
81,-1,557.339,131.079,595.288,232.959,0.966391,-1,-1,-1
81,-1,674.824,159.005,704.332,243.871,0.889064,-1,-1,-1
81,-1,618.981,147.77,649.069,222.244,0.877249,-1,-1,-1
82,-1,703.327,141.126,777.418,305.762,0.984548,-1,-1,-1
82,-1,547.114,134.465,608.139,239.032,0.949922,-1,-1,-1
82,-1,620.995,153.257,652.13,224.829,0.944156,-1,-1,-1
82,-1,680.338,149.184,713.058,235.5,0.770752,-1,-1,-1
83,-1,719.446,152.799,779.501,293.448,0.986426,-1,-1,-1
83,-1,547.987,131.092,610.292,225.049,0.952284,-1,-1,-1
83,-1,616.814,134.089,654.915,230.259,0.851617,-1,-1,-1
83,-1,675.841,140.711,707.299,228.648,0.645096,-1,-1,-1
84,-1,735.708,131.118,796.666,307.921,0.988403,-1,-1,-1
84,-1,625.38,150.357,655.607,234.184,0.917445,-1,-1,-1
84,-1,684.736,149.532,713.847,231.189,0.9095,-1,-1,-1
84,-1,554.205,125.757,597.458,235.758,0.757334,-1,-1,-1
85,-1,732.717,127.852,807.796,295.637,0.986208,-1,-1,-1
85,-1,560.835,131.66,605.745,236.149,0.975554,-1,-1,-1
85,-1,635.501,154.667,666.734,227.182,0.940865,-1,-1,-1
85,-1,674.92,151.275,713.703,228.089,0.892694,-1,-1,-1
85,-1,614.369,146.393,650.156,225.979,0.585745,-1,-1,-1
86,-1,738.349,140.039,801.228,318.283,0.989647,-1,-1,-1
86,-1,550.883,136.964,610.405,239.025,0.965281,-1,-1,-1
86,-1,626.562,151.267,666.946,240.902,0.964573,-1,-1,-1
86,-1,682.604,162.645,718.663,233.35,0.922638,-1,-1,-1
86,-1,653.654,145.007,680.558,227.276,0.511496,-1,-1,-1
87,-1,753.372,137.504,814.347,311.415,0.990948,-1,-1,-1
87,-1,574.209,127.306,614.681,238.81,0.988132,-1,-1,-1
87,-1,633.102,145.374,666.789,235.473,0.972985,-1,-1,-1
87,-1,689.849,140.446,726.567,238.345,0.861611,-1,-1,-1
88,-1,758.468,139.094,825.63,307.553,0.988624,-1,-1,-1
88,-1,571.437,120.784,611.558,230.307,0.965277,-1,-1,-1
88,-1,634.949,148.354,672.7,237.884,0.963649,-1,-1,-1
88,-1,690.453,151.616,724.238,229.246,0.933231,-1,-1,-1
89,-1,773.43,138.612,833.04,315.644,0.984012,-1,-1,-1
89,-1,695.334,152.716,730.805,245.401,0.96068,-1,-1,-1
89,-1,567.897,122.833,612.036,243.17,0.958825,-1,-1,-1
89,-1,638.529,145.676,673.328,233.595,0.953511,-1,-1,-1
90,-1,789.827,144.146,847.686,326.521,0.989305,-1,-1,-1
90,-1,567.579,130.542,618.545,244.252,0.980857,-1,-1,-1
90,-1,684.049,148.853,731.811,233.863,0.939045,-1,-1,-1
90,-1,630.123,151.245,663.599,246.55,0.879198,-1,-1,-1
91,-1,779.031,143.52,850.205,327.174,0.993431,-1,-1,-1
91,-1,576.744,132.585,619.56,242.054,0.986212,-1,-1,-1
91,-1,708.63,151.461,746.637,229.737,0.938992,-1,-1,-1
91,-1,640.758,146.873,675.427,238.995,0.833459,-1,-1,-1
92,-1,797.405,140.931,857.644,333.627,0.990967,-1,-1,-1
92,-1,572.597,136.29,627.344,247.822,0.987429,-1,-1,-1
92,-1,638.117,144.1,677.733,242.822,0.864331,-1,-1,-1
92,-1,700.525,142.881,734.943,226.631,0.703711,-1,-1,-1
93,-1,813.072,143.874,876.391,337.796,0.991621,-1,-1,-1
93,-1,707.345,160.354,747.009,243.266,0.980087,-1,-1,-1
93,-1,577.221,135.674,634.195,245.336,0.979199,-1,-1,-1
93,-1,636.005,146.776,674.285,247.386,0.914976,-1,-1,-1
94,-1,586.379,130.334,635.845,247.589,0.985393,-1,-1,-1
94,-1,823.628,141.122,897.446,333.593,0.98313,-1,-1,-1
94,-1,712.873,156.799,763.054,237.66,0.957801,-1,-1,-1
94,-1,632.668,156.988,672.332,231.679,0.767599,-1,-1,-1
95,-1,839.686,134.079,912.233,328.759,0.987511,-1,-1,-1
95,-1,588.028,133.166,636.923,242.105,0.981221,-1,-1,-1
95,-1,714.929,154.66,754.535,241.353,0.939747,-1,-1,-1
95,-1,641.11,148.759,681.073,244.013,0.879061,-1,-1,-1
96,-1,852.643,147.416,931.494,341.785,0.994956,-1,-1,-1
96,-1,593.76,136.876,637.847,250.642,0.983705,-1,-1,-1
96,-1,637.614,151.691,680.235,253.201,0.97586,-1,-1,-1
96,-1,717.524,146.6,756.864,249.91,0.921816,-1,-1,-1
97,-1,852.848,153.949,943.008,344.239,0.985474,-1,-1,-1
97,-1,592.898,129.74,637.607,251.869,0.984277,-1,-1,-1
97,-1,728.481,152.233,770.724,258.363,0.980086,-1,-1,-1
97,-1,646.148,153.807,684.037,254.254,0.968226,-1,-1,-1
98,-1,877.911,139.452,951.938,355.171,0.991114,-1,-1,-1
98,-1,598.994,126.541,641.92,253.66,0.985908,-1,-1,-1
98,-1,731.704,152.444,771.458,241.094,0.983724,-1,-1,-1
98,-1,641.978,147.71,677.492,250.258,0.964437,-1,-1,-1
99,-1,902.77,153.341,971.391,346.159,0.989579,-1,-1,-1
99,-1,641.889,151.007,685.54,256.792,0.969977,-1,-1,-1
99,-1,600.013,143.143,639.316,247.086,0.969326,-1,-1,-1
99,-1,731.216,160.743,776.272,253.6,0.949957,-1,-1,-1
100,-1,912.866,150.211,981.35,350.114,0.995878,-1,-1,-1
100,-1,595.423,128.074,649.683,255.649,0.968553,-1,-1,-1
100,-1,736.496,159.963,777.522,245.939,0.965925,-1,-1,-1
100,-1,643.46,135.422,685.534,257.22,0.956654,-1,-1,-1
101,-1,909.911,154.895,1002.37,349.485,0.997635,-1,-1,-1
101,-1,605.487,136.37,652.238,266.542,0.973259,-1,-1,-1
101,-1,653,153.628,694.547,267.202,0.970898,-1,-1,-1
101,-1,752.864,157.921,791.936,244.104,0.929102,-1,-1,-1
102,-1,926.038,154.175,1031.33,364.201,0.996549,-1,-1,-1
102,-1,604.917,128.148,657.495,261.497,0.982595,-1,-1,-1
102,-1,742.184,155.761,795.311,249.213,0.961152,-1,-1,-1
102,-1,656.445,148.399,696.052,269.683,0.958055,-1,-1,-1
103,-1,957.384,140.887,1046.15,363.922,0.996853,-1,-1,-1
103,-1,607.377,143.021,652.253,260.205,0.980245,-1,-1,-1
103,-1,666.325,152.334,710.538,265.012,0.976145,-1,-1,-1
103,-1,750.933,163.671,796.3,248.857,0.926382,-1,-1,-1
104,-1,984.29,135.628,1065.36,360.178,0.997315,-1,-1,-1
104,-1,748.091,162.778,806.479,251.096,0.989759,-1,-1,-1
104,-1,614.849,127.689,664.604,275.731,0.980918,-1,-1,-1
104,-1,668.226,143.259,704.516,267.957,0.975547,-1,-1,-1
105,-1,991.901,142.328,1085.73,369,0.996825,-1,-1,-1
105,-1,606.403,127.9,659.243,268.964,0.986047,-1,-1,-1
105,-1,759.468,147.463,806.226,244.91,0.985685,-1,-1,-1
105,-1,667.855,146.287,713.947,276.886,0.977189,-1,-1,-1
106,-1,1004.47,144.628,1117.03,368.929,0.998228,-1,-1,-1
106,-1,606.581,131.322,659.725,260.665,0.983274,-1,-1,-1
106,-1,669.252,139.272,730.194,294.427,0.981359,-1,-1,-1
106,-1,760.705,150.087,807.579,253.395,0.96745,-1,-1,-1
107,-1,1023.51,143.429,1141.41,369,0.998017,-1,-1,-1
107,-1,624.186,126.087,673.008,273.778,0.981708,-1,-1,-1
107,-1,677.115,155.588,725.65,279.243,0.97732,-1,-1,-1
107,-1,768.485,143.855,813.082,263.48,0.975743,-1,-1,-1
108,-1,1054.49,147.304,1165.83,369,0.997482,-1,-1,-1
108,-1,680.036,146.336,723.256,272.992,0.986771,-1,-1,-1
108,-1,618.683,131.142,671.885,282.568,0.986437,-1,-1,-1
108,-1,777.456,145.007,817.49,254.965,0.961837,-1,-1,-1
109,-1,1101.33,143.258,1188.53,352.648,0.997119,-1,-1,-1
109,-1,782.738,160.657,834.665,268.842,0.985711,-1,-1,-1
109,-1,683.593,143.343,732.321,291.386,0.981819,-1,-1,-1
109,-1,619.444,123.631,676.027,295.324,0.979817,-1,-1,-1
110,-1,1127.51,142.049,1219.01,368.184,0.997502,-1,-1,-1
110,-1,677.308,150.853,738.221,289.175,0.987526,-1,-1,-1
110,-1,625.181,111.598,674.873,303.087,0.973644,-1,-1,-1
110,-1,785.6,151.634,833.242,264.032,0.970089,-1,-1,-1
111,-1,1129.54,142.019,1223,369,0.995785,-1,-1,-1
111,-1,692.915,161.959,737.688,292.22,0.988051,-1,-1,-1
111,-1,790.486,157.113,834.024,266.088,0.982624,-1,-1,-1
111,-1,627.937,135.306,688.227,301.659,0.963975,-1,-1,-1
112,-1,630.164,131.159,683.787,300.176,0.991356,-1,-1,-1
112,-1,698.249,137.993,754.126,299.083,0.984513,-1,-1,-1
112,-1,798.254,163.46,851.695,261.568,0.976576,-1,-1,-1
112,-1,1167.94,157.928,1223,368.907,0.925301,-1,-1,-1
113,-1,637.84,131.513,686.003,308.894,0.991551,-1,-1,-1
113,-1,700.489,144.07,749.198,309.064,0.978426,-1,-1,-1
113,-1,797.573,161.918,855.745,268.093,0.974386,-1,-1,-1
114,-1,639.605,133.079,700.505,314.274,0.972864,-1,-1,-1
114,-1,814.559,153.894,864.375,280.437,0.969086,-1,-1,-1
114,-1,704.659,135.858,764.444,311.696,0.964789,-1,-1,-1
115,-1,711.291,145.477,765.983,311.913,0.990968,-1,-1,-1
115,-1,640.967,115.534,704.133,313.969,0.983963,-1,-1,-1
115,-1,812.131,151.877,865.923,268.129,0.98247,-1,-1,-1
116,-1,827.835,156.064,877.324,279.621,0.988564,-1,-1,-1
116,-1,706.171,145.507,766.89,318.854,0.985844,-1,-1,-1
116,-1,634.835,138.404,706.914,304.451,0.979988,-1,-1,-1
117,-1,645.506,142.435,713.097,309.743,0.988588,-1,-1,-1
117,-1,832.702,158.722,878.471,268.871,0.983729,-1,-1,-1
117,-1,719.002,153.655,786.814,327.344,0.978206,-1,-1,-1
118,-1,652.121,135.337,717.495,315.633,0.988726,-1,-1,-1
118,-1,847.791,164.866,898.838,267.795,0.988388,-1,-1,-1
118,-1,723.581,150.938,776.628,319.056,0.988311,-1,-1,-1
119,-1,848.717,158.054,899.074,289.709,0.98802,-1,-1,-1
119,-1,733.021,144.89,784.153,332.864,0.9879,-1,-1,-1
119,-1,660.609,130.77,718.326,341.097,0.98725,-1,-1,-1
120,-1,662.439,126.709,725.431,316.836,0.981553,-1,-1,-1
120,-1,852.672,144.98,909.127,298.928,0.978729,-1,-1,-1
120,-1,732.789,153.765,789.84,334,0.97628,-1,-1,-1
121,-1,863.41,153.98,917.638,291.013,0.9866,-1,-1,-1
121,-1,667.177,131.238,723.511,326.27,0.97746,-1,-1,-1
121,-1,738.285,145.599,796.923,337.12,0.977047,-1,-1,-1
122,-1,870.015,156.14,945.322,295.145,0.990668,-1,-1,-1
122,-1,743.049,149.082,798.885,338.337,0.988898,-1,-1,-1
122,-1,675.199,125.674,739.786,333.846,0.977401,-1,-1,-1
123,-1,752.569,154.044,814.275,342.903,0.986982,-1,-1,-1
123,-1,888.707,155.697,946.114,286.811,0.984583,-1,-1,-1
123,-1,674.257,144.151,739.921,334.594,0.971462,-1,-1,-1
124,-1,752.98,150.031,811.464,352.192,0.99103,-1,-1,-1
124,-1,688.34,126.331,744.482,348.055,0.980714,-1,-1,-1
124,-1,900.027,157.211,958.694,311.679,0.979578,-1,-1,-1
125,-1,691.745,133.87,766.159,350.898,0.99139,-1,-1,-1
125,-1,760.021,153.074,837.939,356.898,0.990494,-1,-1,-1
125,-1,900.838,159.354,974.938,306.294,0.982236,-1,-1,-1
126,-1,776.685,159.948,836.312,355.316,0.989655,-1,-1,-1
126,-1,927.549,156.346,973.619,320.269,0.987393,-1,-1,-1
126,-1,696.101,117.967,771.983,342.756,0.971032,-1,-1,-1
127,-1,775.15,163.176,845.336,364.237,0.99064,-1,-1,-1
127,-1,932.887,148.146,994.64,306.432,0.988912,-1,-1,-1
127,-1,699.253,148.368,788.861,342.348,0.987366,-1,-1,-1
128,-1,711.36,120.749,781.188,364.003,0.994068,-1,-1,-1
128,-1,792.175,160.581,865.419,354.302,0.989942,-1,-1,-1
128,-1,941.561,159.984,1013.13,310.835,0.988087,-1,-1,-1
129,-1,789.472,163.836,860.56,365.997,0.994044,-1,-1,-1
129,-1,707.035,119.434,790.752,364.302,0.99294,-1,-1,-1
129,-1,957.599,154.005,1021.67,325.11,0.990424,-1,-1,-1
130,-1,805.025,163.985,869.155,369,0.995356,-1,-1,-1
130,-1,975.555,158.933,1031.08,299.785,0.986612,-1,-1,-1
130,-1,730.829,131.91,800.975,357.3,0.984378,-1,-1,-1
131,-1,976.5,148.328,1047.2,323.174,0.995624,-1,-1,-1
131,-1,808.432,156.127,878.316,369,0.993558,-1,-1,-1
131,-1,731.126,128.042,807.034,358.638,0.990217,-1,-1,-1
132,-1,823.697,157.175,891.983,369,0.994272,-1,-1,-1
132,-1,987.198,153.35,1074.91,307.133,0.993616,-1,-1,-1
132,-1,737.791,119.346,816.431,369,0.990758,-1,-1,-1
133,-1,750.6,132.092,831.348,369,0.996865,-1,-1,-1
133,-1,997.755,153.216,1086.17,336.376,0.99401,-1,-1,-1
133,-1,823.344,155.124,926.623,367.528,0.993695,-1,-1,-1
134,-1,757.384,118.975,844.841,369,0.995278,-1,-1,-1
134,-1,844.412,163.445,929.437,369,0.99485,-1,-1,-1
134,-1,1034.73,158.359,1102.98,306.917,0.971422,-1,-1,-1
135,-1,860.56,153.496,960.973,368.731,0.995368,-1,-1,-1
135,-1,775.125,137.638,857.979,364.12,0.994246,-1,-1,-1
135,-1,1040.89,154.383,1110.65,336.93,0.977356,-1,-1,-1
136,-1,878.021,156.356,957.035,356.441,0.997339,-1,-1,-1
136,-1,780.665,122.728,876.282,360.499,0.996334,-1,-1,-1
136,-1,1052.81,158.194,1138.47,309.098,0.99268,-1,-1,-1
137,-1,781.629,136.669,869.959,368.395,0.996705,-1,-1,-1
137,-1,894.631,161.582,975.336,362.587,0.994971,-1,-1,-1
137,-1,1079.33,169.051,1147.56,300.337,0.984561,-1,-1,-1
138,-1,770.678,131.603,888.082,362.333,0.997497,-1,-1,-1
138,-1,922.204,160.247,983.656,366.79,0.996467,-1,-1,-1
138,-1,1090.86,156.437,1167.56,346.602,0.993924,-1,-1,-1
139,-1,926.768,164.4,1009.7,356.265,0.997593,-1,-1,-1
139,-1,772.353,117.656,925.315,369,0.996666,-1,-1,-1
139,-1,1114.6,147.474,1193.27,350.561,0.990613,-1,-1,-1
140,-1,805.743,107.966,905.548,363.488,0.996183,-1,-1,-1
140,-1,932.781,167.755,1040.91,360.252,0.99568,-1,-1,-1
140,-1,1121,151.023,1215.06,326.084,0.993705,-1,-1,-1
141,-1,955.251,166.473,1072.74,368.775,0.998231,-1,-1,-1
141,-1,817.565,100.061,936.615,369,0.998025,-1,-1,-1
141,-1,1139.55,160.503,1223,331.062,0.991625,-1,-1,-1
142,-1,988.013,157,1085.86,366.636,0.996576,-1,-1,-1
142,-1,841.185,110.382,955.233,369,0.995297,-1,-1,-1
142,-1,1172.14,146.151,1223,320.422,0.976974,-1,-1,-1
143,-1,861.648,119.426,965.594,369,0.998594,-1,-1,-1
143,-1,1008.64,152.233,1110.84,369,0.998092,-1,-1,-1
144,-1,882.772,119.686,1000.81,369,0.997924,-1,-1,-1
144,-1,1046.74,164.052,1158.06,369,0.997535,-1,-1,-1
145,-1,904.717,101.387,1025.64,369,0.998596,-1,-1,-1
145,-1,1084.97,149.669,1194.69,369,0.994309,-1,-1,-1
