1,-1,477.417,133.575,60.972,206.672,0.985314,-1,-1,-1
1,-1,387.83,158.467,100.509,182.139,0.97094,-1,-1,-1
2,-1,417.554,152.34,87.063,188.592,0.990937,-1,-1,-1
2,-1,499.257,139.014,65.487,203.564,0.990493,-1,-1,-1
3,-1,498.214,128.481,70.59,200.297,0.995258,-1,-1,-1
3,-1,424.154,153.412,82.495,189.499,0.986761,-1,-1,-1
4,-1,439.309,143.884,80.462,208.168,0.994842,-1,-1,-1
4,-1,518.468,130,55.275,219.953,0.987654,-1,-1,-1
5,-1,516.955,131.026,86.723,210.707,0.993197,-1,-1,-1
5,-1,460.852,141.261,60.075,210.584,0.983597,-1,-1,-1
6,-1,538.367,144.488,63.531,206.507,0.99477,-1,-1,-1
6,-1,457.382,156.632,89.806,185.123,0.989349,-1,-1,-1
7,-1,481.114,140.433,71.365,210.658,0.991944,-1,-1,-1
7,-1,551.227,140.883,64.373,200.49,0.985207,-1,-1,-1
8,-1,559.924,142.305,58.757,191.829,0.990819,-1,-1,-1
8,-1,492.365,155.3,70.165,180.783,0.975726,-1,-1,-1
9,-1,580.236,134.541,52.879,209.277,0.986716,-1,-1,-1
9,-1,506.963,158.328,67.037,192.508,0.963329,-1,-1,-1
10,-1,581.56,132.447,63.044,202.526,0.991309,-1,-1,-1
10,-1,520.272,150.418,76.956,194.572,0.985844,-1,-1,-1
11,-1,526.89,158.186,84.713,184.466,0.993296,-1,-1,-1
11,-1,243.122,136.767,55.327,160.776,0.966675,-1,-1,-1
11,-1,602.995,147.678,59.739,194.772,0.964845,-1,-1,-1
12,-1,545.382,151.221,84.428,198.4,0.990525,-1,-1,-1
12,-1,613.926,145.141,62.962,205.249,0.97402,-1,-1,-1
12,-1,243.57,138.252,64.629,158.576,0.950364,-1,-1,-1
12,-1,508.681,135.805,34.921,48.726,0.770134,-1,-1,-1
13,-1,552.147,151.93,109.293,207.661,0.988067,-1,-1,-1
13,-1,626.171,150.045,71.227,203.925,0.97436,-1,-1,-1
13,-1,254.982,133.642,67.075,155.124,0.968768,-1,-1,-1
13,-1,504.996,129.224,31.287,67.245,0.736315,-1,-1,-1
14,-1,646.888,146.608,53.491,215.831,0.982562,-1,-1,-1
14,-1,254.132,137.935,80.497,173.445,0.981753,-1,-1,-1
14,-1,576.705,158.945,80.038,196.511,0.979956,-1,-1,-1
14,-1,494.432,134.831,32.291,63.705,0.673853,-1,-1,-1
15,-1,596.462,144.982,78.02,216.909,0.992956,-1,-1,-1
15,-1,652.59,148.269,68.964,212.625,0.979891,-1,-1,-1
15,-1,273.951,144.053,73.923,143.043,0.970793,-1,-1,-1
15,-1,495.056,138.808,30.973,58.889,0.793536,-1,-1,-1
15,-1,239.144,132.457,35.489,65.558,0.701717,-1,-1,-1
15,-1,513.07,132.169,34.991,59.766,0.635846,-1,-1,-1
16,-1,658.277,144.896,72.702,217.059,0.994229,-1,-1,-1
16,-1,588.158,150.656,85.325,202.332,0.982293,-1,-1,-1
16,-1,280.721,138.012,79.465,190.828,0.959602,-1,-1,-1
16,-1,501.933,130.656,35.502,64.356,0.865727,-1,-1,-1
16,-1,248.412,133.759,35.067,80.21,0.668597,-1,-1,-1
17,-1,585.944,144.844,134.636,213.981,0.992635,-1,-1,-1
17,-1,294.363,111.71,84.954,227.787,0.983005,-1,-1,-1
17,-1,675.009,145.081,79.413,208.379,0.97805,-1,-1,-1
17,-1,250.117,122.537,56.361,181.917,0.892538,-1,-1,-1
17,-1,502.042,128.3,32.999,74.613,0.888704,-1,-1,-1
18,-1,611.526,146.596,95.772,216.648,0.990819,-1,-1,-1
18,-1,692.732,147.877,72.097,217.009,0.988203,-1,-1,-1
18,-1,306.292,122.575,96.147,211.919,0.93201,-1,-1,-1
18,-1,515.683,132.887,29.373,69.346,0.882139,-1,-1,-1
18,-1,270.158,138.546,49.195,88.054,0.736707,-1,-1,-1
18,-1,492.035,131.088,35.295,72.246,0.691443,-1,-1,-1
18,-1,531.568,133.657,34.314,58.537,0.607998,-1,-1,-1
19,-1,1137.03,152.72,75.94,200.635,0.992521,-1,-1,-1
19,-1,627.896,154.608,90.639,208.011,0.986729,-1,-1,-1
19,-1,699.173,147.827,72.027,204.524,0.984407,-1,-1,-1
19,-1,513.547,146.26,40.269,40.626,0.903117,-1,-1,-1
19,-1,298.742,97.7595,114.26,232.805,0.632553,-1,-1,-1
19,-1,269.32,168.094,49.147,162.952,0.580045,-1,-1,-1
20,-1,1110.97,147.083,93.93,204.555,0.989922,-1,-1,-1
20,-1,655.651,150.686,71.216,204.238,0.988635,-1,-1,-1
20,-1,717.646,133.151,64.105,204.442,0.982856,-1,-1,-1
20,-1,341.731,139.206,69.428,173.432,0.966457,-1,-1,-1
20,-1,501.043,139.33,38.015,56.837,0.92032,-1,-1,-1
20,-1,270.223,136.66,73.055,205.994,0.900745,-1,-1,-1
20,-1,527.618,128.109,29.106,76.934,0.826132,-1,-1,-1
21,-1,1065.35,137.664,109.9,204.279,0.994954,-1,-1,-1
21,-1,661.086,144.409,80.13,223.942,0.986304,-1,-1,-1
21,-1,352.263,126.622,74.738,210.318,0.986061,-1,-1,-1
21,-1,262.748,129.176,86.378,201.011,0.978803,-1,-1,-1
21,-1,715.351,137.086,89.3,229.777,0.955809,-1,-1,-1
21,-1,505.778,131.401,41.021,69.075,0.947781,-1,-1,-1
21,-1,488.333,141.133,38.818,47.775,0.618705,-1,-1,-1
22,-1,1020.95,156.635,124.72,212.365,0.998364,-1,-1,-1
22,-1,360.28,139.031,78.158,202.284,0.99343,-1,-1,-1
22,-1,672.848,152.484,125.333,202.009,0.992134,-1,-1,-1
22,-1,287.509,141.523,75.143,195.33,0.984796,-1,-1,-1
22,-1,502.857,130.311,41.631,71.539,0.910746,-1,-1,-1
23,-1,988.488,153.99,128.762,215.01,0.997118,-1,-1,-1
23,-1,694.397,150.384,116.378,212.948,0.992191,-1,-1,-1
23,-1,389.495,129.369,83.391,199.016,0.972051,-1,-1,-1
23,-1,303.499,125.414,70.802,208.935,0.971455,-1,-1,-1
23,-1,770.41,151.174,64.048,178.105,0.939877,-1,-1,-1
23,-1,514.385,126.464,40.932,71.341,0.903706,-1,-1,-1
24,-1,972.444,152.777,100.536,216.223,0.997928,-1,-1,-1
24,-1,702.512,143.946,123.666,225.054,0.987845,-1,-1,-1
24,-1,395.217,148.407,79.41,175.846,0.986072,-1,-1,-1
24,-1,780.052,145.273,73.945,211.387,0.985581,-1,-1,-1
24,-1,311.56,138.404,82.799,192.662,0.983229,-1,-1,-1
24,-1,516.884,137.63,24.976,64.221,0.902676,-1,-1,-1
25,-1,729.324,144.667,84.494,213.094,0.993443,-1,-1,-1
25,-1,788.849,146.521,78.937,211.443,0.992757,-1,-1,-1
25,-1,320.087,117.802,88.738,221.897,0.990407,-1,-1,-1
25,-1,940.321,154.884,95.799,198.341,0.98638,-1,-1,-1
25,-1,386.62,135.074,93.712,190.873,0.985291,-1,-1,-1
25,-1,520.736,127.93,27.358,62.127,0.865737,-1,-1,-1
26,-1,926.931,148.619,77.109,216.247,0.996362,-1,-1,-1
26,-1,748.49,144.39,89.364,211.453,0.989616,-1,-1,-1
26,-1,335.219,127.673,73.016,203.758,0.983305,-1,-1,-1
26,-1,815.872,140.195,65.675,209.279,0.979055,-1,-1,-1
26,-1,435.049,145.554,67.023,178.154,0.949972,-1,-1,-1
26,-1,502.273,143.12,46.092,45.576,0.867716,-1,-1,-1
26,-1,533.604,127.301,27.433,66.101,0.604577,-1,-1,-1
27,-1,743.485,148.442,120.698,206.747,0.996165,-1,-1,-1
27,-1,441.556,134.29,65.14,198.513,0.994304,-1,-1,-1
27,-1,337.845,128.873,80.866,204.999,0.991101,-1,-1,-1
27,-1,898.43,147.046,92.126,219.091,0.987951,-1,-1,-1
27,-1,828.334,130.409,72.911,229.751,0.981773,-1,-1,-1
27,-1,512.341,129.576,26.788,74.707,0.869709,-1,-1,-1
27,-1,532.829,130.121,30.182,68.35,0.665174,-1,-1,-1
28,-1,748.634,162.24,137.411,186.881,0.997454,-1,-1,-1
28,-1,344.589,126.85,91.976,218.63,0.993603,-1,-1,-1
28,-1,442.262,142.387,80.652,187.248,0.993461,-1,-1,-1
28,-1,865.642,153.789,85.54,212.906,0.992316,-1,-1,-1
28,-1,518.638,136.811,30.306,71.435,0.88073,-1,-1,-1
29,-1,762.447,163.491,145.149,193.519,0.995288,-1,-1,-1
29,-1,468.135,144.483,64.049,189.614,0.993769,-1,-1,-1
29,-1,868.531,139.971,77.598,215.89,0.990386,-1,-1,-1
29,-1,374.811,126.193,69.982,212.189,0.977368,-1,-1,-1
29,-1,525.647,133.665,35.183,58.551,0.798725,-1,-1,-1
29,-1,511.892,143.208,28.809,65.25,0.513312,-1,-1,-1
30,-1,382.504,133.699,69.255,212.322,0.990416,-1,-1,-1
30,-1,878.396,143.56,85.858,202.131,0.989074,-1,-1,-1
30,-1,805.042,156.973,85.717,203.859,0.988266,-1,-1,-1
30,-1,489.141,134.497,62.357,210.521,0.96237,-1,-1,-1
31,-1,390.194,137.987,82.269,216.46,0.991865,-1,-1,-1
31,-1,867.058,147.418,131.861,204.437,0.988828,-1,-1,-1
31,-1,498.253,148.267,58.864,190.287,0.981512,-1,-1,-1
31,-1,800.032,168.723,82.96,177.158,0.974406,-1,-1,-1
32,-1,389.901,131.531,85.163,205.883,0.996101,-1,-1,-1
32,-1,765.883,171.614,84.49,185.265,0.993425,-1,-1,-1
32,-1,507.498,144.881,54.033,185.281,0.992058,-1,-1,-1
32,-1,840.814,142.029,123.886,226.545,0.991394,-1,-1,-1
32,-1,918.373,146.86,76.194,166.791,0.907112,-1,-1,-1
33,-1,424.416,131.801,70.769,204.587,0.995888,-1,-1,-1
33,-1,751.619,157.832,72.877,211.017,0.994081,-1,-1,-1
33,-1,868.265,142.329,119.326,226.671,0.99356,-1,-1,-1
33,-1,525.025,141.447,55.195,205.208,0.992997,-1,-1,-1
33,-1,942.308,142.163,81.842,224.503,0.957417,-1,-1,-1
34,-1,532.358,144.919,81.585,189.841,0.997954,-1,-1,-1
34,-1,887.07,143.79,171.59,225.21,0.996937,-1,-1,-1
34,-1,436.256,127.446,63.382,213.095,0.99496,-1,-1,-1
34,-1,738.448,152.243,69.452,207.5,0.991548,-1,-1,-1
35,-1,707.22,154.089,90.47,202.049,0.995786,-1,-1,-1
35,-1,925.908,145.876,147.292,219.278,0.995388,-1,-1,-1
35,-1,544.032,143.082,77.202,203.875,0.994122,-1,-1,-1
35,-1,440.362,118.205,76.234,227.972,0.983383,-1,-1,-1
36,-1,942.39,138.025,161.9,230.975,0.997991,-1,-1,-1
36,-1,454.249,124.12,83.205,229.849,0.995744,-1,-1,-1
36,-1,561.419,152.062,68.536,190.918,0.994899,-1,-1,-1
36,-1,680.844,154.073,97.462,191.754,0.99227,-1,-1,-1
37,-1,968.99,140.467,140.87,228.533,0.99535,-1,-1,-1
37,-1,675.849,165.272,66.87,194.889,0.991089,-1,-1,-1
37,-1,468.679,133.923,75.469,208.105,0.987769,-1,-1,-1
37,-1,581.011,157.905,60.337,203.258,0.987422,-1,-1,-1
38,-1,997.483,150.978,135.027,205.389,0.997767,-1,-1,-1
38,-1,586.995,154.427,73.444,195.013,0.990785,-1,-1,-1
38,-1,486.675,137.87,68.312,209.231,0.98775,-1,-1,-1
38,-1,653.762,154.102,63.101,189.665,0.986379,-1,-1,-1
39,-1,1011.26,138.367,172.94,226.287,0.997312,-1,-1,-1
39,-1,499.05,139.897,68.148,211.013,0.996044,-1,-1,-1
39,-1,600.548,148.505,96.849,209.797,0.993612,-1,-1,-1
40,-1,1057.39,146.303,148.7,215.955,0.996407,-1,-1,-1
40,-1,522.413,134.241,70.71,191.788,0.994969,-1,-1,-1
40,-1,616.444,156.134,90.486,187.179,0.987612,-1,-1,-1
41,-1,1068.75,145.787,154.25,201.555,0.998598,-1,-1,-1
41,-1,524.907,149.078,79.776,217.432,0.994079,-1,-1,-1
41,-1,637.447,145.925,78.934,199.364,0.992091,-1,-1,-1
41,-1,591.065,151.068,52.421,182.831,0.833123,-1,-1,-1
42,-1,1107.31,136.34,115.69,228.602,0.999023,-1,-1,-1
42,-1,531.8,143.894,116.306,210.931,0.995722,-1,-1,-1
42,-1,648.454,146.365,67.038,198.678,0.994891,-1,-1,-1
43,-1,672.193,156.895,67.921,201.577,0.995798,-1,-1,-1
43,-1,549.815,146.834,85.677,197.886,0.992412,-1,-1,-1
43,-1,1142.75,157.674,80.25,197.761,0.966967,-1,-1,-1
44,-1,664.2,143.295,104.465,222.849,0.99581,-1,-1,-1
44,-1,599.835,139.36,56.164,201.788,0.985223,-1,-1,-1
44,-1,527.615,158.161,87.116,196.663,0.98484,-1,-1,-1
44,-1,1170.61,133.584,52.39,226.25,0.560709,-1,-1,-1
45,-1,691.284,159.42,88.546,194.804,0.998416,-1,-1,-1
45,-1,591.165,125.296,85.368,242.417,0.993842,-1,-1,-1
45,-1,510.245,151.442,65.342,174.842,0.960311,-1,-1,-1
46,-1,706.798,152.322,90.844,205.441,0.998464,-1,-1,-1
46,-1,620.12,139.133,73.071,214.819,0.992269,-1,-1,-1
46,-1,494.915,136.342,67.32,195.538,0.977863,-1,-1,-1
46,-1,562.174,152.628,26.421,71.81,0.85485,-1,-1,-1
47,-1,717.099,150.498,90.195,214.998,0.997254,-1,-1,-1
47,-1,633.931,119.265,77.598,243.723,0.997102,-1,-1,-1
47,-1,488.178,148.003,53.256,176.662,0.976217,-1,-1,-1
47,-1,559.84,148.612,29.018,64.534,0.925171,-1,-1,-1
47,-1,597.467,153.221,32.613,53.993,0.558801,-1,-1,-1
48,-1,630.278,138.088,112.607,222.466,0.997115,-1,-1,-1
48,-1,735.071,140.816,83.664,223.865,0.995783,-1,-1,-1
48,-1,454.795,132.81,62.723,203.719,0.945832,-1,-1,-1
48,-1,559.51,147.494,25.872,79.694,0.904358,-1,-1,-1
48,-1,574.452,143.956,24.929,66.003,0.851921,-1,-1,-1
48,-1,588.797,144.91,24.624,69.027,0.841466,-1,-1,-1
48,-1,533.806,144.233,19.845,71.179,0.662942,-1,-1,-1
48,-1,548.394,140.58,21.41,84.429,0.589504,-1,-1,-1
49,-1,668.334,123.71,87.174,245.29,0.996213,-1,-1,-1
49,-1,416.018,152.786,103.779,171.755,0.993063,-1,-1,-1
49,-1,755.935,138.66,88.104,220.974,0.981243,-1,-1,-1
49,-1,572.487,143.751,27.706,64.24,0.895957,-1,-1,-1
49,-1,550.33,136.128,31.468,74.17,0.836923,-1,-1,-1
49,-1,530.424,141.267,22.285,65.133,0.774813,-1,-1,-1
49,-1,591.873,141.278,25.24,80.423,0.715537,-1,-1,-1
50,-1,766.261,136.971,93.724,220.035,0.995611,-1,-1,-1
50,-1,685.558,120.277,78.265,246.681,0.992815,-1,-1,-1
50,-1,410.098,147.151,79.725,183.971,0.972143,-1,-1,-1
50,-1,578.095,144.506,30.575,70.431,0.914374,-1,-1,-1
50,-1,520.567,139.448,24.057,66.929,0.899085,-1,-1,-1
50,-1,594.672,146.489,30.741,59.498,0.806166,-1,-1,-1
50,-1,536.372,138.439,23.81,78.919,0.80524,-1,-1,-1
51,-1,794.526,133.007,85.322,235.608,0.997255,-1,-1,-1
51,-1,695.415,114.435,98.371,253.983,0.975761,-1,-1,-1
51,-1,383.425,126.011,86.676,205.861,0.949157,-1,-1,-1
51,-1,582.245,135.844,33.273,70.602,0.887017,-1,-1,-1
51,-1,534.313,136.536,37.751,85.175,0.836034,-1,-1,-1
51,-1,524.289,133.755,25.181,74.838,0.802809,-1,-1,-1
51,-1,564.675,139.489,24.284,73.977,0.748594,-1,-1,-1
52,-1,703.688,105.948,112.8,263.052,0.997783,-1,-1,-1
52,-1,828.156,142.905,78.301,215.034,0.995528,-1,-1,-1
52,-1,367.055,143.016,83.904,191.641,0.985572,-1,-1,-1
52,-1,578.341,145.712,36.82,77.48,0.949827,-1,-1,-1
52,-1,535.956,135.051,35.922,82.551,0.84673,-1,-1,-1
52,-1,564.779,139.075,27.248,73.332,0.730768,-1,-1,-1
52,-1,599.034,148.015,30.139,56.98,0.715715,-1,-1,-1
52,-1,511.359,134.151,29.752,73.584,0.585065,-1,-1,-1
53,-1,726.978,118.022,101.212,244.741,0.995348,-1,-1,-1
53,-1,850.706,136.374,80.494,221.563,0.995169,-1,-1,-1
53,-1,318.497,111.191,131.789,236.28,0.948754,-1,-1,-1
53,-1,579.058,151.016,32.942,74.502,0.910853,-1,-1,-1
53,-1,528.146,138.538,31.072,69.678,0.872469,-1,-1,-1
53,-1,593.676,145.814,38.03,62.231,0.845746,-1,-1,-1
53,-1,565.1,143.672,23.575,67.548,0.668562,-1,-1,-1
53,-1,512.566,139.762,28.05,65.914,0.536471,-1,-1,-1
54,-1,745.983,124.023,102.145,244.977,0.997919,-1,-1,-1
54,-1,870.653,134.054,75.538,216.489,0.995822,-1,-1,-1
54,-1,310.242,99.166,128.243,237.819,0.962206,-1,-1,-1
54,-1,530.274,131.939,25.136,68.32,0.879063,-1,-1,-1
54,-1,583.6,142.075,28.632,67.676,0.857445,-1,-1,-1
54,-1,540.941,138.053,34.679,82.585,0.843777,-1,-1,-1
54,-1,563.426,138.679,30.664,80.509,0.614124,-1,-1,-1
54,-1,514.766,141.941,26.131,61.739,0.503103,-1,-1,-1
55,-1,769.858,107.945,102.217,261.055,0.997446,-1,-1,-1
55,-1,882.91,140.764,121.02,205.868,0.996003,-1,-1,-1
55,-1,521.771,130.491,37.499,81.474,0.924019,-1,-1,-1
55,-1,590.268,136.244,38.261,82.9,0.830351,-1,-1,-1
55,-1,318.106,108.897,80.215,214.366,0.737786,-1,-1,-1
55,-1,557.657,138.009,24.747,74.703,0.629271,-1,-1,-1
56,-1,899.947,148.34,148.363,209.051,0.997479,-1,-1,-1
56,-1,788.471,117.302,117.823,233.653,0.997273,-1,-1,-1
56,-1,311.72,139.538,71.491,190.195,0.99477,-1,-1,-1
56,-1,530.251,137.539,28.929,68.805,0.956887,-1,-1,-1
56,-1,600.824,142.103,35.107,77.989,0.875682,-1,-1,-1
56,-1,547.446,132.487,31.236,77.447,0.826384,-1,-1,-1
56,-1,580.754,138.847,36.525,67.971,0.625784,-1,-1,-1
57,-1,819.915,106.998,104.566,262.002,0.997379,-1,-1,-1
57,-1,932.856,135.16,116.724,227.899,0.996656,-1,-1,-1
57,-1,281.032,130.045,91.085,195.839,0.985281,-1,-1,-1
57,-1,535.044,140.647,37.902,83.108,0.9303,-1,-1,-1
57,-1,598.533,146.675,32.67,75.117,0.91543,-1,-1,-1
57,-1,557.46,140.02,36.731,87.04,0.635052,-1,-1,-1
57,-1,580.164,143.982,31.669,65.662,0.517928,-1,-1,-1
58,-1,961.707,145.285,133.873,197.583,0.998042,-1,-1,-1
58,-1,845.245,107.066,95.13,261.012,0.99724,-1,-1,-1
58,-1,274.905,137.502,88.692,199.365,0.978221,-1,-1,-1
58,-1,533.033,133.183,34.643,78.65,0.921729,-1,-1,-1
58,-1,600.818,142.017,35.51,82.449,0.879731,-1,-1,-1
58,-1,554.945,133.698,38.526,88.521,0.795551,-1,-1,-1
58,-1,581.23,142.788,36.94,67.136,0.520343,-1,-1,-1
59,-1,999.051,129.547,94.239,205.522,0.996783,-1,-1,-1
59,-1,855.987,116.014,127.586,244.632,0.996181,-1,-1,-1
59,-1,262.583,130.475,74.561,214.264,0.987222,-1,-1,-1
59,-1,540.516,129.632,35.967,78.384,0.943728,-1,-1,-1
59,-1,600.625,144.584,31.864,75.516,0.809646,-1,-1,-1
60,-1,902.047,104.474,103.113,264.526,0.997961,-1,-1,-1
60,-1,1035.4,142.667,83.44,193.376,0.993725,-1,-1,-1
60,-1,250.727,142.001,73.609,173.266,0.992396,-1,-1,-1
60,-1,544.754,141.008,36.756,81.468,0.949773,-1,-1,-1
60,-1,601.386,142.208,36.163,87.953,0.808993,-1,-1,-1
60,-1,573.333,141.632,37.051,70.16,0.668701,-1,-1,-1
61,-1,924.877,97.7567,123.493,263.338,0.998709,-1,-1,-1
61,-1,1061.66,146.278,87.62,178.913,0.995757,-1,-1,-1
61,-1,541.092,131.498,35.785,77.753,0.944162,-1,-1,-1
61,-1,606.545,150.135,33.47,79.974,0.839865,-1,-1,-1
61,-1,576.546,144.592,29.962,78.257,0.71402,-1,-1,-1
62,-1,1099.53,147.434,88.72,186.917,0.996306,-1,-1,-1
62,-1,947.615,97.7506,116.465,268.017,0.995907,-1,-1,-1
62,-1,614.086,157.72,37.111,73.738,0.935915,-1,-1,-1
62,-1,557.626,138.363,33.138,81.839,0.864147,-1,-1,-1
62,-1,542.072,131.627,30.623,81.063,0.593382,-1,-1,-1
63,-1,981.419,89.2527,133.391,278.249,0.996812,-1,-1,-1
63,-1,1132.98,127.26,90.02,228.502,0.993643,-1,-1,-1
63,-1,541.336,140.813,34.365,72.155,0.942259,-1,-1,-1
63,-1,606.831,154.104,43.971,85.722,0.939383,-1,-1,-1
63,-1,575.272,155.886,33.356,61.747,0.591051,-1,-1,-1
64,-1,1018.74,102.729,120.44,265.196,0.994183,-1,-1,-1
64,-1,1166.79,132.34,56.21,232.583,0.992251,-1,-1,-1
64,-1,550.058,137.777,33.132,82.226,0.935987,-1,-1,-1
64,-1,619.789,150.946,33.714,79.074,0.910749,-1,-1,-1
64,-1,566.901,138.776,40.517,92.279,0.850669,-1,-1,-1
64,-1,530.121,141.056,31.708,69.493,0.544124,-1,-1,-1
65,-1,1045.98,97.8839,134.98,271.116,0.995377,-1,-1,-1
65,-1,542.282,138.03,32.937,72.674,0.909059,-1,-1,-1
65,-1,561.354,134.64,32.358,73.38,0.882666,-1,-1,-1
65,-1,622.936,141.5,42.527,99.509,0.505498,-1,-1,-1
66,-1,1080.9,96.2023,142.1,258.015,0.996625,-1,-1,-1
66,-1,626.89,151.208,46.554,99.93,0.941827,-1,-1,-1
66,-1,568.385,139.31,31.259,86.274,0.929489,-1,-1,-1
66,-1,549.254,136.818,32.294,83.468,0.910696,-1,-1,-1
67,-1,1132.48,115.64,90.52,253.36,0.983466,-1,-1,-1
67,-1,632.658,147.922,53.97,101.454,0.980625,-1,-1,-1
67,-1,570.915,140.71,30.199,80.849,0.947375,-1,-1,-1
67,-1,543.621,140.406,40.053,77.973,0.889698,-1,-1,-1
68,-1,636.335,149.298,46.891,107.579,0.984139,-1,-1,-1
68,-1,1173.02,155.116,49.98,212.538,0.94388,-1,-1,-1
68,-1,564.02,130.024,35.144,90.963,0.911028,-1,-1,-1
68,-1,547.656,138.762,30.17,75.929,0.873519,-1,-1,-1
69,-1,636.281,142.603,49.68,117.004,0.985381,-1,-1,-1
69,-1,557.126,137.461,36.877,87.9,0.847137,-1,-1,-1
69,-1,540.961,139.333,26.896,79.399,0.552473,-1,-1,-1
70,-1,642.763,144.576,48.086,112.445,0.988713,-1,-1,-1
70,-1,550.616,138.93,27.603,70.242,0.841119,-1,-1,-1
70,-1,571.3,139.054,37.614,87.891,0.778405,-1,-1,-1
70,-1,593.199,147.587,31.063,80.218,0.566084,-1,-1,-1
71,-1,646.492,150.295,47.819,108.389,0.986628,-1,-1,-1
71,-1,547.705,136.677,28.626,72.633,0.91078,-1,-1,-1
71,-1,568.856,131.044,39.56,96.536,0.825951,-1,-1,-1
71,-1,595.562,154.669,32.026,71.598,0.657272,-1,-1,-1
72,-1,649.906,152.669,47.516,107.076,0.983221,-1,-1,-1
72,-1,539.016,142.354,28.552,68.253,0.883516,-1,-1,-1
72,-1,557.269,143.097,30.208,78.13,0.839922,-1,-1,-1
72,-1,598.516,153.791,28.409,69.451,0.766545,-1,-1,-1
72,-1,577.131,131.926,28.209,90.454,0.637434,-1,-1,-1
73,-1,655.947,151.935,48.564,104.215,0.991031,-1,-1,-1
73,-1,548.063,137.922,30.003,71.708,0.83926,-1,-1,-1
73,-1,591.058,146.006,29.388,78.916,0.829215,-1,-1,-1
74,-1,659.99,151.303,52.953,108.713,0.989688,-1,-1,-1
74,-1,594.672,139.563,28.973,77.715,0.768182,-1,-1,-1
74,-1,542.78,136.862,51.949,97.593,0.754138,-1,-1,-1
75,-1,671.963,153.689,48.971,99.237,0.974804,-1,-1,-1
75,-1,598.139,141.329,27.745,68.673,0.918353,-1,-1,-1
75,-1,553.026,134.749,35.439,81.864,0.891484,-1,-1,-1
76,-1,673.82,147.678,55.561,118.795,0.983847,-1,-1,-1
76,-1,600.14,148.823,32.633,67.8,0.948514,-1,-1,-1
76,-1,553.984,139.594,39.571,91.332,0.932204,-1,-1,-1
77,-1,688.474,159.334,54.741,109.011,0.984013,-1,-1,-1
77,-1,553.918,145.54,32.185,81.059,0.970857,-1,-1,-1
77,-1,598.461,157.012,30.859,75.439,0.939432,-1,-1,-1
78,-1,689.907,156.46,50.789,113.282,0.976419,-1,-1,-1
78,-1,551.819,136.928,41.667,87.221,0.974012,-1,-1,-1
78,-1,609.405,143.372,27.771,65.526,0.958913,-1,-1,-1
79,-1,699.926,146.418,46.174,142.917,0.978794,-1,-1,-1
79,-1,553.272,134.296,37.167,96.473,0.971058,-1,-1,-1
79,-1,607.33,139.691,34.081,73.011,0.945,-1,-1,-1
79,-1,670.111,150.023,31.969,82.845,0.649826,-1,-1,-1
80,-1,698.942,153.656,64.629,124.252,0.986537,-1,-1,-1
80,-1,559.362,139.515,36.191,90.556,0.958294,-1,-1,-1
80,-1,663.059,148.6,41.02,93.134,0.900167,-1,-1,-1
80,-1,604.929,149.629,34.642,76.225,0.86652,-1,-1,-1
81,-1,709.675,153.762,54.559,134.541,0.984462,-1,-1,-1
81,-1,557.339,131.079,37.949,101.88,0.966391,-1,-1,-1
81,-1,674.824,159.005,29.508,84.866,0.889064,-1,-1,-1
81,-1,618.981,147.77,30.088,74.474,0.877249,-1,-1,-1
82,-1,703.327,141.126,74.091,164.636,0.984548,-1,-1,-1
82,-1,547.114,134.465,61.025,104.567,0.949922,-1,-1,-1
82,-1,620.995,153.257,31.135,71.572,0.944156,-1,-1,-1
82,-1,680.338,149.184,32.72,86.316,0.770752,-1,-1,-1
83,-1,719.446,152.799,60.055,140.649,0.986426,-1,-1,-1
83,-1,547.987,131.092,62.305,93.957,0.952284,-1,-1,-1
83,-1,616.814,134.089,38.101,96.17,0.851617,-1,-1,-1
83,-1,675.841,140.711,31.458,87.937,0.645096,-1,-1,-1
84,-1,735.708,131.118,60.958,176.803,0.988403,-1,-1,-1
84,-1,625.38,150.357,30.227,83.827,0.917445,-1,-1,-1
84,-1,684.736,149.532,29.111,81.657,0.9095,-1,-1,-1
84,-1,554.205,125.757,43.253,110.001,0.757334,-1,-1,-1
85,-1,732.717,127.852,75.079,167.785,0.986208,-1,-1,-1
85,-1,560.835,131.66,44.91,104.489,0.975554,-1,-1,-1
85,-1,635.501,154.667,31.233,72.515,0.940865,-1,-1,-1
85,-1,674.92,151.275,38.783,76.814,0.892694,-1,-1,-1
85,-1,614.369,146.393,35.787,79.586,0.585745,-1,-1,-1
86,-1,738.349,140.039,62.879,178.244,0.989647,-1,-1,-1
86,-1,550.883,136.964,59.522,102.061,0.965281,-1,-1,-1
86,-1,626.562,151.267,40.384,89.635,0.964573,-1,-1,-1
86,-1,682.604,162.645,36.059,70.705,0.922638,-1,-1,-1
86,-1,653.654,145.007,26.904,82.269,0.511496,-1,-1,-1
87,-1,753.372,137.504,60.975,173.911,0.990948,-1,-1,-1
87,-1,574.209,127.306,40.472,111.504,0.988132,-1,-1,-1
87,-1,633.102,145.374,33.687,90.099,0.972985,-1,-1,-1
87,-1,689.849,140.446,36.718,97.899,0.861611,-1,-1,-1
88,-1,758.468,139.094,67.162,168.459,0.988624,-1,-1,-1
88,-1,571.437,120.784,40.121,109.523,0.965277,-1,-1,-1
88,-1,634.949,148.354,37.751,89.53,0.963649,-1,-1,-1
88,-1,690.453,151.616,33.785,77.63,0.933231,-1,-1,-1
89,-1,773.43,138.612,59.61,177.032,0.984012,-1,-1,-1
89,-1,695.334,152.716,35.471,92.685,0.96068,-1,-1,-1
89,-1,567.897,122.833,44.139,120.337,0.958825,-1,-1,-1
89,-1,638.529,145.676,34.799,87.919,0.953511,-1,-1,-1
90,-1,789.827,144.146,57.859,182.375,0.989305,-1,-1,-1
90,-1,567.579,130.542,50.966,113.71,0.980857,-1,-1,-1
90,-1,684.049,148.853,47.762,85.01,0.939045,-1,-1,-1
90,-1,630.123,151.245,33.476,95.305,0.879198,-1,-1,-1
91,-1,779.031,143.52,71.174,183.654,0.993431,-1,-1,-1
91,-1,576.744,132.585,42.816,109.469,0.986212,-1,-1,-1
91,-1,708.63,151.461,38.007,78.276,0.938992,-1,-1,-1
91,-1,640.758,146.873,34.669,92.122,0.833459,-1,-1,-1
92,-1,797.405,140.931,60.239,192.696,0.990967,-1,-1,-1
92,-1,572.597,136.29,54.747,111.532,0.987429,-1,-1,-1
92,-1,638.117,144.1,39.616,98.722,0.864331,-1,-1,-1
92,-1,700.525,142.881,34.418,83.75,0.703711,-1,-1,-1
93,-1,813.072,143.874,63.319,193.922,0.991621,-1,-1,-1
93,-1,707.345,160.354,39.664,82.912,0.980087,-1,-1,-1
93,-1,577.221,135.674,56.974,109.662,0.979199,-1,-1,-1
93,-1,636.005,146.776,38.28,100.61,0.914976,-1,-1,-1
94,-1,586.379,130.334,49.466,117.255,0.985393,-1,-1,-1
94,-1,823.628,141.122,73.818,192.471,0.98313,-1,-1,-1
94,-1,712.873,156.799,50.181,80.861,0.957801,-1,-1,-1
94,-1,632.668,156.988,39.664,74.691,0.767599,-1,-1,-1
95,-1,839.686,134.079,72.547,194.68,0.987511,-1,-1,-1
95,-1,588.028,133.166,48.895,108.939,0.981221,-1,-1,-1
95,-1,714.929,154.66,39.606,86.693,0.939747,-1,-1,-1
95,-1,641.11,148.759,39.963,95.254,0.879061,-1,-1,-1
96,-1,852.643,147.416,78.851,194.369,0.994956,-1,-1,-1
96,-1,593.76,136.876,44.087,113.766,0.983705,-1,-1,-1
96,-1,637.614,151.691,42.621,101.51,0.97586,-1,-1,-1
96,-1,717.524,146.6,39.34,103.31,0.921816,-1,-1,-1
97,-1,852.848,153.949,90.16,190.29,0.985474,-1,-1,-1
97,-1,592.898,129.74,44.709,122.129,0.984277,-1,-1,-1
97,-1,728.481,152.233,42.243,106.13,0.980086,-1,-1,-1
97,-1,646.148,153.807,37.889,100.447,0.968226,-1,-1,-1
98,-1,877.911,139.452,74.027,215.719,0.991114,-1,-1,-1
98,-1,598.994,126.541,42.926,127.119,0.985908,-1,-1,-1
98,-1,731.704,152.444,39.754,88.65,0.983724,-1,-1,-1
98,-1,641.978,147.71,35.514,102.548,0.964437,-1,-1,-1
99,-1,902.77,153.341,68.621,192.818,0.989579,-1,-1,-1
99,-1,641.889,151.007,43.651,105.785,0.969977,-1,-1,-1
99,-1,600.013,143.143,39.303,103.943,0.969326,-1,-1,-1
99,-1,731.216,160.743,45.056,92.857,0.949957,-1,-1,-1
100,-1,912.866,150.211,68.484,199.903,0.995878,-1,-1,-1
100,-1,595.423,128.074,54.26,127.575,0.968553,-1,-1,-1
100,-1,736.496,159.963,41.026,85.976,0.965925,-1,-1,-1
100,-1,643.46,135.422,42.074,121.798,0.956654,-1,-1,-1
101,-1,909.911,154.895,92.459,194.59,0.997635,-1,-1,-1
101,-1,605.487,136.37,46.751,130.172,0.973259,-1,-1,-1
101,-1,653,153.628,41.547,113.574,0.970898,-1,-1,-1
101,-1,752.864,157.921,39.072,86.183,0.929102,-1,-1,-1
102,-1,926.038,154.175,105.292,210.026,0.996549,-1,-1,-1
102,-1,604.917,128.148,52.578,133.349,0.982595,-1,-1,-1
102,-1,742.184,155.761,53.127,93.452,0.961152,-1,-1,-1
102,-1,656.445,148.399,39.607,121.284,0.958055,-1,-1,-1
103,-1,957.384,140.887,88.766,223.035,0.996853,-1,-1,-1
103,-1,607.377,143.021,44.876,117.184,0.980245,-1,-1,-1
103,-1,666.325,152.334,44.213,112.678,0.976145,-1,-1,-1
103,-1,750.933,163.671,45.367,85.186,0.926382,-1,-1,-1
104,-1,984.29,135.628,81.07,224.55,0.997315,-1,-1,-1
104,-1,748.091,162.778,58.388,88.318,0.989759,-1,-1,-1
104,-1,614.849,127.689,49.755,148.042,0.980918,-1,-1,-1
104,-1,668.226,143.259,36.29,124.698,0.975547,-1,-1,-1
105,-1,991.901,142.328,93.829,226.672,0.996825,-1,-1,-1
105,-1,606.403,127.9,52.84,141.064,0.986047,-1,-1,-1
105,-1,759.468,147.463,46.758,97.447,0.985685,-1,-1,-1
105,-1,667.855,146.287,46.092,130.599,0.977189,-1,-1,-1
106,-1,1004.47,144.628,112.56,224.301,0.998228,-1,-1,-1
106,-1,606.581,131.322,53.144,129.343,0.983274,-1,-1,-1
106,-1,669.252,139.272,60.942,155.155,0.981359,-1,-1,-1
106,-1,760.705,150.087,46.874,103.308,0.96745,-1,-1,-1
107,-1,1023.51,143.429,117.9,225.571,0.998017,-1,-1,-1
107,-1,624.186,126.087,48.822,147.691,0.981708,-1,-1,-1
107,-1,677.115,155.588,48.535,123.655,0.97732,-1,-1,-1
107,-1,768.485,143.855,44.597,119.625,0.975743,-1,-1,-1
108,-1,1054.49,147.304,111.34,221.696,0.997482,-1,-1,-1
108,-1,680.036,146.336,43.22,126.656,0.986771,-1,-1,-1
108,-1,618.683,131.142,53.202,151.426,0.986437,-1,-1,-1
108,-1,777.456,145.007,40.034,109.958,0.961837,-1,-1,-1
109,-1,1101.33,143.258,87.2,209.39,0.997119,-1,-1,-1
109,-1,782.738,160.657,51.927,108.185,0.985711,-1,-1,-1
109,-1,683.593,143.343,48.728,148.043,0.981819,-1,-1,-1
109,-1,619.444,123.631,56.583,171.693,0.979817,-1,-1,-1
110,-1,1127.51,142.049,91.5,226.135,0.997502,-1,-1,-1
110,-1,677.308,150.853,60.913,138.322,0.987526,-1,-1,-1
110,-1,625.181,111.598,49.692,191.489,0.973644,-1,-1,-1
110,-1,785.6,151.634,47.642,112.398,0.970089,-1,-1,-1
111,-1,1129.54,142.019,93.46,226.981,0.995785,-1,-1,-1
111,-1,692.915,161.959,44.773,130.261,0.988051,-1,-1,-1
111,-1,790.486,157.113,43.538,108.975,0.982624,-1,-1,-1
111,-1,627.937,135.306,60.29,166.353,0.963975,-1,-1,-1
112,-1,630.164,131.159,53.623,169.017,0.991356,-1,-1,-1
112,-1,698.249,137.993,55.877,161.09,0.984513,-1,-1,-1
112,-1,798.254,163.46,53.441,98.108,0.976576,-1,-1,-1
112,-1,1167.94,157.928,55.06,210.979,0.925301,-1,-1,-1
113,-1,637.84,131.513,48.163,177.381,0.991551,-1,-1,-1
113,-1,700.489,144.07,48.709,164.994,0.978426,-1,-1,-1
113,-1,797.573,161.918,58.172,106.175,0.974386,-1,-1,-1
114,-1,639.605,133.079,60.9,181.195,0.972864,-1,-1,-1
114,-1,814.559,153.894,49.816,126.543,0.969086,-1,-1,-1
114,-1,704.659,135.858,59.785,175.838,0.964789,-1,-1,-1
115,-1,711.291,145.477,54.692,166.436,0.990968,-1,-1,-1
115,-1,640.967,115.534,63.166,198.435,0.983963,-1,-1,-1
115,-1,812.131,151.877,53.792,116.252,0.98247,-1,-1,-1
116,-1,827.835,156.064,49.489,123.557,0.988564,-1,-1,-1
116,-1,706.171,145.507,60.719,173.347,0.985844,-1,-1,-1
116,-1,634.835,138.404,72.079,166.047,0.979988,-1,-1,-1
117,-1,645.506,142.435,67.591,167.308,0.988588,-1,-1,-1
117,-1,832.702,158.722,45.769,110.149,0.983729,-1,-1,-1
117,-1,719.002,153.655,67.812,173.689,0.978206,-1,-1,-1
118,-1,652.121,135.337,65.374,180.296,0.988726,-1,-1,-1
118,-1,847.791,164.866,51.047,102.929,0.988388,-1,-1,-1
118,-1,723.581,150.938,53.047,168.118,0.988311,-1,-1,-1
119,-1,848.717,158.054,50.357,131.655,0.98802,-1,-1,-1
119,-1,733.021,144.89,51.132,187.974,0.9879,-1,-1,-1
119,-1,660.609,130.77,57.717,210.327,0.98725,-1,-1,-1
120,-1,662.439,126.709,62.992,190.127,0.981553,-1,-1,-1
120,-1,852.672,144.98,56.455,153.948,0.978729,-1,-1,-1
120,-1,732.789,153.765,57.051,180.235,0.97628,-1,-1,-1
121,-1,863.41,153.98,54.228,137.033,0.9866,-1,-1,-1
121,-1,667.177,131.238,56.334,195.032,0.97746,-1,-1,-1
121,-1,738.285,145.599,58.638,191.521,0.977047,-1,-1,-1
122,-1,870.015,156.14,75.307,139.005,0.990668,-1,-1,-1
122,-1,743.049,149.082,55.836,189.255,0.988898,-1,-1,-1
122,-1,675.199,125.674,64.587,208.172,0.977401,-1,-1,-1
123,-1,752.569,154.044,61.706,188.859,0.986982,-1,-1,-1
123,-1,888.707,155.697,57.407,131.114,0.984583,-1,-1,-1
123,-1,674.257,144.151,65.664,190.443,0.971462,-1,-1,-1
124,-1,752.98,150.031,58.484,202.161,0.99103,-1,-1,-1
124,-1,688.34,126.331,56.142,221.724,0.980714,-1,-1,-1
124,-1,900.027,157.211,58.667,154.468,0.979578,-1,-1,-1
125,-1,691.745,133.87,74.414,217.028,0.99139,-1,-1,-1
125,-1,760.021,153.074,77.918,203.824,0.990494,-1,-1,-1
125,-1,900.838,159.354,74.1,146.94,0.982236,-1,-1,-1
126,-1,776.685,159.948,59.627,195.368,0.989655,-1,-1,-1
126,-1,927.549,156.346,46.07,163.923,0.987393,-1,-1,-1
126,-1,696.101,117.967,75.882,224.789,0.971032,-1,-1,-1
127,-1,775.15,163.176,70.186,201.061,0.99064,-1,-1,-1
127,-1,932.887,148.146,61.753,158.286,0.988912,-1,-1,-1
127,-1,699.253,148.368,89.608,193.98,0.987366,-1,-1,-1
128,-1,711.36,120.749,69.828,243.254,0.994068,-1,-1,-1
128,-1,792.175,160.581,73.244,193.721,0.989942,-1,-1,-1
128,-1,941.561,159.984,71.569,150.851,0.988087,-1,-1,-1
129,-1,789.472,163.836,71.088,202.161,0.994044,-1,-1,-1
129,-1,707.035,119.434,83.717,244.868,0.99294,-1,-1,-1
129,-1,957.599,154.005,64.071,171.105,0.990424,-1,-1,-1
130,-1,805.025,163.985,64.13,205.015,0.995356,-1,-1,-1
130,-1,975.555,158.933,55.525,140.852,0.986612,-1,-1,-1
130,-1,730.829,131.91,70.146,225.39,0.984378,-1,-1,-1
131,-1,976.5,148.328,70.7,174.846,0.995624,-1,-1,-1
131,-1,808.432,156.127,69.884,212.873,0.993558,-1,-1,-1
131,-1,731.126,128.042,75.908,230.596,0.990217,-1,-1,-1
132,-1,823.697,157.175,68.286,211.825,0.994272,-1,-1,-1
132,-1,987.198,153.35,87.712,153.783,0.993616,-1,-1,-1
132,-1,737.791,119.346,78.64,249.654,0.990758,-1,-1,-1
133,-1,750.6,132.092,80.748,236.908,0.996865,-1,-1,-1
133,-1,997.755,153.216,88.415,183.16,0.99401,-1,-1,-1
133,-1,823.344,155.124,103.279,212.404,0.993695,-1,-1,-1
134,-1,757.384,118.975,87.457,250.025,0.995278,-1,-1,-1
134,-1,844.412,163.445,85.025,205.555,0.99485,-1,-1,-1
134,-1,1034.73,158.359,68.25,148.558,0.971422,-1,-1,-1
135,-1,860.56,153.496,100.413,215.235,0.995368,-1,-1,-1
135,-1,775.125,137.638,82.854,226.482,0.994246,-1,-1,-1
135,-1,1040.89,154.383,69.76,182.547,0.977356,-1,-1,-1
136,-1,878.021,156.356,79.014,200.085,0.997339,-1,-1,-1
136,-1,780.665,122.728,95.617,237.771,0.996334,-1,-1,-1
136,-1,1052.81,158.194,85.66,150.904,0.99268,-1,-1,-1
137,-1,781.629,136.669,88.33,231.726,0.996705,-1,-1,-1
137,-1,894.631,161.582,80.705,201.005,0.994971,-1,-1,-1
137,-1,1079.33,169.051,68.23,131.286,0.984561,-1,-1,-1
138,-1,770.678,131.603,117.404,230.73,0.997497,-1,-1,-1
138,-1,922.204,160.247,61.452,206.543,0.996467,-1,-1,-1
138,-1,1090.86,156.437,76.7,190.165,0.993924,-1,-1,-1
139,-1,926.768,164.4,82.932,191.865,0.997593,-1,-1,-1
139,-1,772.353,117.656,152.962,251.344,0.996666,-1,-1,-1
139,-1,1114.6,147.474,78.67,203.087,0.990613,-1,-1,-1
140,-1,805.743,107.966,99.805,255.522,0.996183,-1,-1,-1
140,-1,932.781,167.755,108.129,192.497,0.99568,-1,-1,-1
140,-1,1121,151.023,94.06,175.061,0.993705,-1,-1,-1
141,-1,955.251,166.473,117.489,202.302,0.998231,-1,-1,-1
141,-1,817.565,100.061,119.05,268.939,0.998025,-1,-1,-1
141,-1,1139.55,160.503,83.45,170.559,0.991625,-1,-1,-1
142,-1,988.013,157,97.847,209.636,0.996576,-1,-1,-1
142,-1,841.185,110.382,114.048,258.618,0.995297,-1,-1,-1
142,-1,1172.14,146.151,50.86,174.271,0.976974,-1,-1,-1
143,-1,861.648,119.426,103.946,249.574,0.998594,-1,-1,-1
143,-1,1008.64,152.233,102.2,216.767,0.998092,-1,-1,-1
144,-1,882.772,119.686,118.038,249.314,0.997924,-1,-1,-1
144,-1,1046.74,164.052,111.32,204.948,0.997535,-1,-1,-1
145,-1,904.717,101.387,120.923,267.613,0.998596,-1,-1,-1
145,-1,1084.97,149.669,109.72,219.331,0.994309,-1,-1,-1
