4,-1,748.744,152.562,781.185,207.683,0.672558,-1,-1,-1
5,-1,747.246,152.965,781.807,206.919,0.778875,-1,-1,-1
6,-1,748.641,148.834,785.391,208.749,0.74036,-1,-1,-1
7,-1,749.307,154.543,781.923,203.873,0.785546,-1,-1,-1
8,-1,752.551,155.509,783.679,210.183,0.513309,-1,-1,-1
9,-1,753.119,155.186,787.405,208.469,0.794882,-1,-1,-1
9,-1,773.655,161.69,812.98,219.43,0.518777,-1,-1,-1
11,-1,774.858,166.915,805.336,217.452,0.834827,-1,-1,-1
11,-1,760.029,151.341,791.111,206.763,0.760953,-1,-1,-1
12,-1,152.415,191.835,194.717,272.575,0.817165,-1,-1,-1
12,-1,770.034,158.027,803.017,215.287,0.755515,-1,-1,-1
12,-1,707.342,143.974,732.233,209.57,0.642924,-1,-1,-1
13,-1,772.371,152.651,809.523,221.276,0.768328,-1,-1,-1
13,-1,803.566,156.363,839.915,224.256,0.678682,-1,-1,-1
13,-1,711.861,140.141,738.135,200.822,0.54418,-1,-1,-1
14,-1,797.376,153.551,831.716,215.409,0.817447,-1,-1,-1
15,-1,159.523,150.178,200.316,241.042,0.768277,-1,-1,-1
15,-1,798.524,157.434,837.504,202.016,0.63912,-1,-1,-1
15,-1,67.7724,202.688,113.219,276.159,0.555112,-1,-1,-1
16,-1,794.938,159.621,836.911,232.168,0.863212,-1,-1,-1
16,-1,819.651,161.193,854.413,213.389,0.659789,-1,-1,-1
17,-1,135.633,153.144,177.123,239.877,0.956905,-1,-1,-1
17,-1,808.606,163.96,843.953,246.609,0.797742,-1,-1,-1
18,-1,812.723,157.053,853.851,248.464,0.959443,-1,-1,-1
18,-1,119.39,140.098,155.063,226.689,0.855876,-1,-1,-1
18,-1,746.098,153.731,777.862,227.692,0.562936,-1,-1,-1
18,-1,365.71,135.083,398.175,214.098,0.525722,-1,-1,-1
19,-1,845.271,176.797,877.609,243.207,0.928207,-1,-1,-1
19,-1,872.699,178.616,909.575,246.031,0.891371,-1,-1,-1
20,-1,848.949,172.571,884.956,238.833,0.931839,-1,-1,-1
20,-1,896.779,177.094,929.515,247.349,0.865945,-1,-1,-1
20,-1,867.44,173.153,914.514,242.58,0.751045,-1,-1,-1
20,-1,741.765,161.398,778.736,228.655,0.519854,-1,-1,-1
21,-1,862.049,168.807,898.527,238.587,0.968138,-1,-1,-1
21,-1,908.617,155.248,949.803,238.965,0.923476,-1,-1,-1
22,-1,866.092,151.197,918.351,239.081,0.961027,-1,-1,-1
22,-1,927.238,161.261,963.749,247.908,0.910485,-1,-1,-1
22,-1,894.166,166.043,931.3,253.891,0.858234,-1,-1,-1
23,-1,905,169.985,944.552,263.129,0.964608,-1,-1,-1
23,-1,950.865,171.878,983.233,259.459,0.927545,-1,-1,-1
23,-1,14.3844,151.489,48.7589,229.234,0.798719,-1,-1,-1
24,-1,920.733,150.756,960.885,259.644,0.975966,-1,-1,-1
24,-1,967.972,161.386,1020.95,255.048,0.966275,-1,-1,-1
25,-1,998.636,163.098,1045.44,284.423,0.985889,-1,-1,-1
25,-1,938.081,167.052,984.226,265.657,0.985033,-1,-1,-1
26,-1,1039.71,161.036,1092.37,295.611,0.985799,-1,-1,-1
26,-1,967.292,171.682,1037.11,282.954,0.976018,-1,-1,-1
27,-1,1067.76,149.432,1125.98,310.37,0.989987,-1,-1,-1
27,-1,991.907,151.36,1076.44,291.381,0.969486,-1,-1,-1
28,-1,1112.75,156.955,1174.69,312.364,0.989689,-1,-1,-1
28,-1,1046.26,150.753,1101.4,295.371,0.984231,-1,-1,-1
29,-1,1101.67,134.773,1174.13,319.667,0.99115,-1,-1,-1
29,-1,1190.58,140.167,1241,316.685,0.966419,-1,-1,-1
30,-1,1148.01,135.801,1227.33,345.879,0.996967,-1,-1,-1
32,-1,791.86,163.656,837.042,230.366,0.745345,-1,-1,-1
36,-1,358.675,168.444,401.216,221.287,0.722695,-1,-1,-1
37,-1,370.528,158.561,404.927,223.324,0.702973,-1,-1,-1
39,-1,351.273,165.974,387.793,241.318,0.946696,-1,-1,-1
40,-1,336.329,171.638,379.033,231.867,0.807638,-1,-1,-1
41,-1,325.819,170.206,366.968,229.132,0.770187,-1,-1,-1
42,-1,308.793,175.611,341.006,238.803,0.910014,-1,-1,-1
43,-1,298.91,179.948,333.674,241.634,0.960944,-1,-1,-1
43,-1,189.992,160.966,224.033,244.263,0.550861,-1,-1,-1
43,-1,602.48,130.973,637.611,186.81,0.513429,-1,-1,-1
44,-1,283.958,189.573,318.849,252.442,0.982689,-1,-1,-1
44,-1,162.367,150.922,204.301,235.976,0.747439,-1,-1,-1
44,-1,593.258,135.644,633.425,182.031,0.672412,-1,-1,-1
45,-1,264.25,174.994,303.601,254.943,0.985279,-1,-1,-1
45,-1,140.791,160.146,176.504,245.47,0.892299,-1,-1,-1
46,-1,234.423,186.787,271.351,267.102,0.982001,-1,-1,-1
46,-1,124.147,153.189,161.666,243.821,0.792147,-1,-1,-1
46,-1,598.021,141.783,637.674,189.585,0.556356,-1,-1,-1
47,-1,213.932,188.527,249.63,266.417,0.978796,-1,-1,-1
47,-1,101.322,162.234,140.314,245.352,0.962927,-1,-1,-1
47,-1,598.025,142.439,637.983,186.385,0.721953,-1,-1,-1
48,-1,190.753,184.647,234.487,272.131,0.987996,-1,-1,-1
48,-1,76.2089,141.612,116.908,253.117,0.681593,-1,-1,-1
49,-1,162.365,180.29,210.826,278.442,0.984331,-1,-1,-1
49,-1,45.1315,159.589,88.2718,256.611,0.978247,-1,-1,-1
49,-1,591.41,135.294,635.416,181.64,0.873147,-1,-1,-1
50,-1,131.19,192.547,175.7,286.083,0.975515,-1,-1,-1
50,-1,13.9732,161.754,52.1322,247.717,0.923275,-1,-1,-1
50,-1,587.844,134.133,632.314,176.738,0.691708,-1,-1,-1
51,-1,91.2313,178.729,151.597,298.943,0.992598,-1,-1,-1
51,-1,583.325,145.309,636.975,201.552,0.859156,-1,-1,-1
51,-1,1209.63,193.364,1239.1,323.293,0.850869,-1,-1,-1
52,-1,50.5561,194.691,105.195,313.694,0.991923,-1,-1,-1
52,-1,586.462,131.392,632.443,197.037,0.889153,-1,-1,-1
53,-1,6.95132,186.663,63.9668,329.312,0.992524,-1,-1,-1
53,-1,587.015,143.475,638.361,193.562,0.945163,-1,-1,-1
53,-1,354.24,174.958,389.122,241.597,0.660008,-1,-1,-1
54,-1,590.113,128.212,635.72,201.093,0.71689,-1,-1,-1
54,-1,339.466,161.913,378.128,240.276,0.716031,-1,-1,-1
54,-1,210.296,189.4,260.23,231.003,0.66832,-1,-1,-1
55,-1,583.796,138.543,631.195,191.272,0.783002,-1,-1,-1
55,-1,200.899,192.017,245.107,244.479,0.724067,-1,-1,-1
55,-1,1210.89,169.96,1239.6,303.741,0.56879,-1,-1,-1
55,-1,335.417,155.06,371.794,232.27,0.568348,-1,-1,-1
56,-1,322.723,153.963,359.927,237.504,0.598445,-1,-1,-1
57,-1,580.371,135.399,630.378,191.023,0.688715,-1,-1,-1
57,-1,321.528,158.956,365.848,234.147,0.57479,-1,-1,-1
57,-1,754.287,138.204,793.423,217.975,0.558958,-1,-1,-1
58,-1,570.575,130.316,626.685,201.927,0.891138,-1,-1,-1
58,-1,306.455,158.209,348.35,262.741,0.738981,-1,-1,-1
59,-1,287.469,165.77,327.324,252.254,0.879883,-1,-1,-1
59,-1,582.829,127.492,627.162,189.592,0.57735,-1,-1,-1
60,-1,256.528,172.511,304.661,258.209,0.972166,-1,-1,-1
60,-1,730.052,141.929,760.137,220.092,0.749969,-1,-1,-1
60,-1,571.03,137.599,614.754,192.421,0.676522,-1,-1,-1
61,-1,232.3,169.555,284.616,260.948,0.942508,-1,-1,-1
61,-1,576.22,138.759,621.318,191.592,0.902857,-1,-1,-1
61,-1,729.4,153.765,757.68,218.002,0.857582,-1,-1,-1
61,-1,782.54,154.97,810.703,229.79,0.711455,-1,-1,-1
61,-1,458.046,139.614,487.624,211.29,0.681246,-1,-1,-1
61,-1,439.119,133.135,469.862,212.636,0.535243,-1,-1,-1
62,-1,206.036,165.182,266.849,279.547,0.94615,-1,-1,-1
62,-1,572.072,129,610.909,195.522,0.928806,-1,-1,-1
62,-1,727.735,152.045,760.563,222.925,0.890766,-1,-1,-1
62,-1,778.407,161.518,814.226,238.124,0.869295,-1,-1,-1
62,-1,437.324,129.91,471.653,206.868,0.856984,-1,-1,-1
63,-1,181.217,163.921,234.112,272.133,0.991905,-1,-1,-1
63,-1,441.685,119.162,481.473,210.287,0.922111,-1,-1,-1
63,-1,563.739,136.507,612.278,203.405,0.77578,-1,-1,-1
63,-1,787.423,150.054,824.032,245.983,0.680451,-1,-1,-1
63,-1,729.637,157.06,764.186,226.866,0.607819,-1,-1,-1
63,-1,869.518,157.651,898.929,236.118,0.552038,-1,-1,-1
64,-1,151.218,151.241,213.312,292.907,0.991781,-1,-1,-1
64,-1,799.12,159.326,835.833,239.525,0.978511,-1,-1,-1
64,-1,428.245,126.203,464.036,208.628,0.931756,-1,-1,-1
64,-1,779.65,164.017,815.7,242.339,0.612054,-1,-1,-1
64,-1,743.935,158.443,779.726,222.602,0.599363,-1,-1,-1
64,-1,564.951,130.03,611.008,206.228,0.590103,-1,-1,-1
65,-1,118.723,160.78,174.759,299.828,0.980634,-1,-1,-1
65,-1,798.651,158.082,834.877,248.94,0.953829,-1,-1,-1
65,-1,427.352,124.854,465.283,214.879,0.877596,-1,-1,-1
65,-1,568.573,127.306,611.071,192.632,0.815463,-1,-1,-1
66,-1,63.9155,150.636,136.628,292.468,0.983048,-1,-1,-1
66,-1,792.589,156.065,832.434,254.857,0.772148,-1,-1,-1
66,-1,417.003,126.275,458.217,214.373,0.745704,-1,-1,-1
66,-1,557.712,136.069,598.091,197.752,0.737384,-1,-1,-1
67,-1,33.3473,147.151,93.1331,295.816,0.970942,-1,-1,-1
67,-1,809.686,155.232,850.622,257.107,0.704994,-1,-1,-1
67,-1,557.289,130.571,596.777,190.063,0.700651,-1,-1,-1
68,-1,9.47021,146.732,59.3491,329.34,0.954444,-1,-1,-1
68,-1,550.22,122.747,606.255,191.925,0.795754,-1,-1,-1
68,-1,749.217,147.08,777.405,219.601,0.569354,-1,-1,-1
68,-1,321.559,154.52,361.486,238.574,0.545323,-1,-1,-1
68,-1,905.575,145.612,937.925,238.238,0.528991,-1,-1,-1
69,-1,918.459,164.084,948.064,242.235,0.903845,-1,-1,-1
69,-1,1105.72,145.776,1159.06,242.21,0.856083,-1,-1,-1
69,-1,1007.54,208.922,1059.48,291.393,0.817552,-1,-1,-1
69,-1,306.075,154.714,344.54,243.618,0.809773,-1,-1,-1
69,-1,384.079,157.063,413.818,226.265,0.793539,-1,-1,-1
69,-1,834.35,160.79,875.324,239.225,0.752213,-1,-1,-1
69,-1,547.156,135.109,594.353,201.815,0.619774,-1,-1,-1
70,-1,846.783,144.09,900.404,271.915,0.96839,-1,-1,-1
70,-1,1130.77,160.235,1203.32,255.476,0.948039,-1,-1,-1
70,-1,760.093,153.407,792.366,233.928,0.879412,-1,-1,-1
70,-1,367.466,159.046,403.235,233.923,0.786903,-1,-1,-1
70,-1,277.221,165.357,322.577,230.864,0.761419,-1,-1,-1
70,-1,738.834,169.696,774.501,229.272,0.745546,-1,-1,-1
70,-1,1042.23,204.97,1100.74,303.145,0.672778,-1,-1,-1
70,-1,909.606,152.436,963.603,239.783,0.66016,-1,-1,-1
71,-1,864.767,163.911,905.835,267.162,0.986856,-1,-1,-1
71,-1,1163.26,150.725,1237.1,317.842,0.946941,-1,-1,-1
71,-1,288.252,163.692,316.892,237.902,0.943634,-1,-1,-1
71,-1,759.725,163.307,787.645,231.571,0.940219,-1,-1,-1
71,-1,947.093,163.059,982.948,249.995,0.882553,-1,-1,-1
71,-1,781.355,167.437,819.359,245.131,0.735804,-1,-1,-1
71,-1,739.332,175.803,776.061,243.221,0.710009,-1,-1,-1
72,-1,881.462,142.734,946.718,293.351,0.989745,-1,-1,-1
72,-1,747.348,160.614,799.959,247.529,0.98085,-1,-1,-1
72,-1,264.081,154.903,302.191,251.417,0.964022,-1,-1,-1
72,-1,352.477,169.694,382.357,228.639,0.935391,-1,-1,-1
72,-1,950.429,145.214,993.044,248.437,0.872057,-1,-1,-1
72,-1,1144.5,187.396,1233.54,304.279,0.843947,-1,-1,-1
72,-1,1204.86,155.118,1238.93,312.298,0.763933,-1,-1,-1
72,-1,973.717,150.298,1012.68,255.409,0.533642,-1,-1,-1
73,-1,887.615,155.978,979.008,294.655,0.990084,-1,-1,-1
73,-1,1172.52,219.998,1240.45,326.412,0.959029,-1,-1,-1
73,-1,749.063,155.435,791.874,243.156,0.949606,-1,-1,-1
73,-1,971.024,142.392,1018.74,266.45,0.862283,-1,-1,-1
73,-1,338.545,168.782,379.076,244.836,0.835651,-1,-1,-1
73,-1,773.334,160.575,813.829,246.846,0.789951,-1,-1,-1
74,-1,937.761,152.196,1002.96,299.474,0.989332,-1,-1,-1
74,-1,763.777,155.084,799.078,240.326,0.940203,-1,-1,-1
74,-1,244.882,164.624,281.574,264.769,0.933679,-1,-1,-1
74,-1,993.118,149.466,1044.76,268.387,0.919812,-1,-1,-1
74,-1,323.798,171.853,354.764,243.153,0.914545,-1,-1,-1
75,-1,957.65,144.378,1038.09,311.949,0.98952,-1,-1,-1
75,-1,1016.01,160.988,1075.67,286.231,0.971565,-1,-1,-1
75,-1,224.291,159.262,263.241,265.565,0.941417,-1,-1,-1
75,-1,308.646,177.607,337.78,245.552,0.936099,-1,-1,-1
75,-1,767.177,168.928,798.496,246.37,0.930843,-1,-1,-1
75,-1,866.832,185.434,896.126,257.681,0.860436,-1,-1,-1
76,-1,982.536,149.136,1087.97,321.505,0.992112,-1,-1,-1
76,-1,872.422,177.764,907.086,258.47,0.976539,-1,-1,-1
76,-1,205.978,170.135,246.103,256.951,0.965067,-1,-1,-1
76,-1,783.683,168.58,814.456,242.326,0.962307,-1,-1,-1
76,-1,1054.12,151.239,1109.35,299.676,0.937427,-1,-1,-1
76,-1,886.306,166.055,933.615,267.787,0.741738,-1,-1,-1
77,-1,1040.83,153.596,1142.31,342.817,0.997142,-1,-1,-1
77,-1,182.983,166.163,224.323,253.904,0.976072,-1,-1,-1
77,-1,781.272,156.489,838.194,251.737,0.919901,-1,-1,-1
77,-1,897.796,172.971,927.956,262.426,0.831098,-1,-1,-1
77,-1,844.94,171.535,875.675,256.323,0.780899,-1,-1,-1
78,-1,1068.84,170.62,1196.88,355.114,0.995296,-1,-1,-1
78,-1,788.644,160.777,829.485,265.942,0.987967,-1,-1,-1
78,-1,168.194,168.462,207.78,256.639,0.977618,-1,-1,-1
78,-1,257.329,174.637,296.596,262.375,0.879471,-1,-1,-1
78,-1,904.693,172.513,941.962,269.675,0.652959,-1,-1,-1
79,-1,1150.31,146.688,1241,374,0.985188,-1,-1,-1
79,-1,801.434,167.713,849.004,272.111,0.984509,-1,-1,-1
79,-1,138.082,165.584,192.373,264.279,0.96677,-1,-1,-1
79,-1,231.48,171.601,281.641,272.79,0.966306,-1,-1,-1
79,-1,1112.66,149.726,1164.56,354.289,0.940922,-1,-1,-1
79,-1,866.811,178.299,899.765,268.146,0.823388,-1,-1,-1
79,-1,833.586,152.919,862.267,262.326,0.539478,-1,-1,-1
80,-1,1154.29,166.562,1225.81,325.157,0.985738,-1,-1,-1
80,-1,818.321,175.044,863.312,290.441,0.983346,-1,-1,-1
80,-1,128.377,174.11,166.728,277.23,0.975216,-1,-1,-1
80,-1,203.58,174.13,253.328,282.631,0.939457,-1,-1,-1
80,-1,878.023,177.918,918.093,272.555,0.797992,-1,-1,-1
80,-1,450.212,160.172,487.191,217.803,0.756927,-1,-1,-1
80,-1,793.108,180.972,825.041,260.341,0.681346,-1,-1,-1
81,-1,98.8431,177.246,146.016,273.377,0.990427,-1,-1,-1
81,-1,841.468,166.84,887.36,298.273,0.983293,-1,-1,-1
81,-1,175.491,183.085,214.957,277.469,0.874308,-1,-1,-1
81,-1,1214.91,163.429,1241,333.612,0.794073,-1,-1,-1
81,-1,819.756,183.251,851.118,275.105,0.743015,-1,-1,-1
81,-1,434.197,159.566,470.507,223.878,0.635735,-1,-1,-1
81,-1,792.618,191.727,821.288,244.18,0.549123,-1,-1,-1
82,-1,61.6508,173.412,122.752,292.531,0.990805,-1,-1,-1
82,-1,858.571,176.815,905.774,320.575,0.977752,-1,-1,-1
82,-1,818.611,198.13,847.41,280.496,0.900149,-1,-1,-1
82,-1,926.422,187.412,971.152,292.731,0.679277,-1,-1,-1
82,-1,839.408,181.395,868.295,280.341,0.673427,-1,-1,-1
82,-1,903.447,169.315,950.151,306.591,0.638374,-1,-1,-1
82,-1,146.884,174.106,189.615,282.836,0.617472,-1,-1,-1
83,-1,40.6761,186.173,87.9257,294.59,0.989897,-1,-1,-1
83,-1,876.97,158.092,924.714,333.499,0.984829,-1,-1,-1
83,-1,831.912,183.158,870.614,292.208,0.941465,-1,-1,-1
83,-1,422.928,158.921,452.916,215.782,0.643896,-1,-1,-1
83,-1,109.308,170.186,156.467,305.854,0.609661,-1,-1,-1
84,-1,900.75,145.223,965.47,356.663,0.982393,-1,-1,-1
84,-1,13.4311,167.984,72.7041,299.11,0.969814,-1,-1,-1
84,-1,846.383,185.403,885.266,286.164,0.947336,-1,-1,-1
84,-1,55.5404,163.116,107.849,302.432,0.886577,-1,-1,-1
84,-1,412.189,165.562,442.664,217.394,0.859416,-1,-1,-1
84,-1,784.9,162.689,820.713,202.184,0.575092,-1,-1,-1
85,-1,927.023,133.783,1006.69,364.142,0.995426,-1,-1,-1
85,-1,19.5167,173.823,77.3444,326.363,0.966645,-1,-1,-1
85,-1,862.125,210.763,902.451,306.768,0.959627,-1,-1,-1
85,-1,408.968,154.515,441.807,231.026,0.951326,-1,-1,-1
85,-1,159.361,180.827,205.288,248.036,0.94196,-1,-1,-1
85,-1,389.965,162.266,420.66,220.357,0.683129,-1,-1,-1
86,-1,959.29,143.291,1052.61,362.553,0.997518,-1,-1,-1
86,-1,386.641,162.426,420.472,235.017,0.954691,-1,-1,-1
86,-1,886.337,205.119,923.805,309.678,0.947926,-1,-1,-1
86,-1,136.921,172.781,185.449,247.54,0.875042,-1,-1,-1
86,-1,790.447,161.813,824.04,201.579,0.646983,-1,-1,-1
86,-1,913.121,185.81,945.148,304.173,0.579781,-1,-1,-1
87,-1,1017.19,135.73,1127.37,367.128,0.993787,-1,-1,-1
87,-1,904.443,217.808,952.487,324.315,0.965718,-1,-1,-1
87,-1,386.69,157.534,423.354,230.998,0.934381,-1,-1,-1
87,-1,963.799,193.191,1015.9,326.057,0.812771,-1,-1,-1
87,-1,121.208,177.421,165.121,251.439,0.793799,-1,-1,-1
88,-1,1053.78,131.585,1214.51,369.059,0.992689,-1,-1,-1
88,-1,364.722,163.761,402.73,240.443,0.956832,-1,-1,-1
88,-1,935.904,183.599,995.718,354.949,0.931384,-1,-1,-1
88,-1,92.7214,173.007,138.334,264.403,0.887574,-1,-1,-1
88,-1,990.858,200.648,1041.22,342.762,0.866068,-1,-1,-1
88,-1,806.722,173.305,834.511,223.644,0.542678,-1,-1,-1
89,-1,976.397,222.627,1059.12,363.578,0.981591,-1,-1,-1
89,-1,58.0955,174.513,109.221,253.012,0.965952,-1,-1,-1
89,-1,1033.82,208.714,1096.9,355.633,0.881981,-1,-1,-1
89,-1,340.85,171.02,378.904,249.405,0.829836,-1,-1,-1
89,-1,1195.6,113.397,1241,275.704,0.733186,-1,-1,-1
89,-1,1150.2,127.816,1230.99,333.497,0.646495,-1,-1,-1
89,-1,806.601,174.038,838.95,214.783,0.52721,-1,-1,-1
90,-1,1042.48,206.848,1114.25,357.977,0.976617,-1,-1,-1
90,-1,1102.13,218.488,1163.92,355.878,0.968862,-1,-1,-1
90,-1,33.27,174.338,86.9344,259.334,0.967261,-1,-1,-1
90,-1,316.257,178.409,357.956,256.004,0.943128,-1,-1,-1
90,-1,1152.95,226.306,1238.82,326.355,0.799189,-1,-1,-1
90,-1,1201.12,199.131,1241,276.475,0.575768,-1,-1,-1
91,-1,279.47,170.877,326.46,254.284,0.928609,-1,-1,-1
91,-1,1084.5,198.339,1133.08,308.404,0.918067,-1,-1,-1
91,-1,323.669,175.694,355.961,236.153,0.873696,-1,-1,-1
91,-1,1186.19,251.643,1241,360.816,0.86533,-1,-1,-1
91,-1,1123.96,253.673,1203.14,360.035,0.852009,-1,-1,-1
92,-1,261.536,161.426,308.714,255.724,0.970649,-1,-1,-1
92,-1,891.688,160.757,917.462,217.89,0.826123,-1,-1,-1
92,-1,1108.27,202.82,1174.17,310.437,0.81425,-1,-1,-1
92,-1,296.933,173.868,326.304,246.87,0.786137,-1,-1,-1
93,-1,216.925,170.52,284.299,275.665,0.975912,-1,-1,-1
93,-1,822.336,170.663,855.021,221.247,0.723947,-1,-1,-1
93,-1,1149.44,197.085,1202.26,292.961,0.645801,-1,-1,-1
93,-1,279.39,180.806,320.065,267.009,0.628111,-1,-1,-1
94,-1,177.79,174.38,252.124,290.432,0.934304,-1,-1,-1
94,-1,905.845,161.953,935.054,217.708,0.909144,-1,-1,-1
94,-1,1195.65,200.083,1241,306.498,0.907865,-1,-1,-1
94,-1,266.927,170.188,300.031,264.47,0.896325,-1,-1,-1
95,-1,134.377,165.095,205.955,308.773,0.971008,-1,-1,-1
95,-1,911.895,164.432,940.591,226.68,0.922031,-1,-1,-1
95,-1,216.524,176.98,275.886,267.975,0.901443,-1,-1,-1
96,-1,68.7829,146.606,147.185,311.645,0.979665,-1,-1,-1
96,-1,986.181,168.928,1019.57,246.118,0.918683,-1,-1,-1
96,-1,906.676,170.177,937.5,228.878,0.883687,-1,-1,-1
96,-1,922.89,157.624,946.347,215.201,0.860759,-1,-1,-1
96,-1,185.551,175.069,247.364,276.023,0.818987,-1,-1,-1
96,-1,830.211,174.532,866.392,233.49,0.729123,-1,-1,-1
97,-1,7.75435,154.632,78.0614,345.654,0.985975,-1,-1,-1
97,-1,127.925,182.133,193.744,274.857,0.905737,-1,-1,-1
97,-1,924.756,155.632,957.909,228.938,0.876376,-1,-1,-1
97,-1,834.746,185.099,886.582,237.344,0.799341,-1,-1,-1
97,-1,1157.81,190.119,1220.99,317.466,0.592065,-1,-1,-1
98,-1,90.5865,171.713,156.037,297.502,0.958606,-1,-1,-1
98,-1,931.61,146.909,961.9,236.639,0.948414,-1,-1,-1
98,-1,1022,176.68,1049.51,249.622,0.931844,-1,-1,-1
98,-1,841.062,182.266,884.018,239.197,0.913397,-1,-1,-1
99,-1,1033.15,172.518,1062.51,253.559,0.929158,-1,-1,-1
99,-1,16.2623,190.223,115.014,299.279,0.859585,-1,-1,-1
99,-1,845.295,171.884,889.702,234.464,0.690643,-1,-1,-1
99,-1,944.927,147.334,970.165,234.103,0.603701,-1,-1,-1
100,-1,945.298,165.637,979.15,246.775,0.9543,-1,-1,-1
100,-1,1046.82,165.971,1082.4,254.635,0.906048,-1,-1,-1
100,-1,1.35252,185.834,42.357,329.058,0.855938,-1,-1,-1
100,-1,853.935,177.097,905.802,228.614,0.673903,-1,-1,-1
101,-1,960.433,157,991.623,235.918,0.970084,-1,-1,-1
101,-1,1062.11,165.153,1107.27,262.812,0.958953,-1,-1,-1
101,-1,864.643,167.727,914.471,236.436,0.884027,-1,-1,-1
102,-1,1081.19,154.684,1123.61,262.545,0.973524,-1,-1,-1
102,-1,967.625,158.624,1000.48,239.667,0.952063,-1,-1,-1
102,-1,865.405,178.535,919.182,235.696,0.853297,-1,-1,-1
103,-1,1106.6,154.089,1149.64,272.798,0.980035,-1,-1,-1
103,-1,978.588,170.191,1009.24,231.715,0.955311,-1,-1,-1
103,-1,881.927,176.532,924.174,232.293,0.914413,-1,-1,-1
104,-1,1135.11,154.67,1179.66,276.946,0.983673,-1,-1,-1
104,-1,983.692,166.857,1025.53,242.93,0.950662,-1,-1,-1
104,-1,885.722,172.592,939.602,239.74,0.9178,-1,-1,-1
105,-1,1148.98,150.162,1213.83,261.226,0.990981,-1,-1,-1
105,-1,999.202,166.048,1038.14,250.143,0.955459,-1,-1,-1
105,-1,885.475,165.37,944.249,233.57,0.83167,-1,-1,-1
105,-1,226.427,157.691,261.806,230.74,0.762836,-1,-1,-1
106,-1,1018.55,159.653,1056.02,248.668,0.973591,-1,-1,-1
106,-1,1185.81,163.872,1230.95,263.815,0.972041,-1,-1,-1
106,-1,900.078,169.667,954.136,239.789,0.890775,-1,-1,-1
106,-1,203.874,167.836,236.236,237.034,0.804986,-1,-1,-1
107,-1,1021.32,168.728,1064.74,258.414,0.969557,-1,-1,-1
107,-1,907.284,187.02,976.611,253.153,0.883291,-1,-1,-1
107,-1,187.848,165.261,222.376,231.623,0.746538,-1,-1,-1
107,-1,1045.81,162.969,1080.77,251.543,0.629185,-1,-1,-1
108,-1,170.441,156.309,210.582,235.359,0.949765,-1,-1,-1
108,-1,1037.82,169.412,1084.76,266.269,0.930328,-1,-1,-1
108,-1,914.945,179.259,994.087,251.066,0.913677,-1,-1,-1
109,-1,151.226,150.164,194.155,229.173,0.97387,-1,-1,-1
109,-1,930.633,179.811,1004.21,257.659,0.906918,-1,-1,-1
109,-1,1059.56,165.814,1103.28,271.235,0.897085,-1,-1,-1
110,-1,1077.58,151.829,1120.87,238.774,0.957185,-1,-1,-1
110,-1,139.53,154.054,178.275,237.114,0.955141,-1,-1,-1
110,-1,935.419,184.606,1024.8,260.251,0.810513,-1,-1,-1
111,-1,121.143,157.618,161.321,227.078,0.974168,-1,-1,-1
111,-1,1102.01,156.693,1145.64,246.611,0.961634,-1,-1,-1
112,-1,1124.05,150.562,1178.36,248.748,0.974512,-1,-1,-1
112,-1,90.3844,151.136,137.614,238,0.955302,-1,-1,-1
113,-1,67.4546,149.602,117.558,244.249,0.982215,-1,-1,-1
113,-1,1138.45,158.142,1205.08,266.855,0.978656,-1,-1,-1
113,-1,464.255,168.033,491.712,224.749,0.551453,-1,-1,-1
114,-1,1169.72,161.926,1221.04,255.577,0.969054,-1,-1,-1
114,-1,37.1905,149.268,88.8121,238.78,0.962479,-1,-1,-1
114,-1,454.069,165.031,482.972,233.329,0.886236,-1,-1,-1
115,-1,1197.36,152.411,1241,255.854,0.957235,-1,-1,-1
115,-1,11.3238,155.142,59.8907,251.259,0.945833,-1,-1,-1
115,-1,451.184,173.953,482.08,239.085,0.939671,-1,-1,-1
115,-1,1015.67,187.26,1072.32,285.178,0.939106,-1,-1,-1
115,-1,1075.86,180.074,1150.51,309.51,0.869858,-1,-1,-1
115,-1,43.314,163.192,86.932,256.126,0.705022,-1,-1,-1
116,-1,441.03,171.314,468.806,247.94,0.921151,-1,-1,-1
116,-1,9.4081,161.975,49.9918,248.509,0.907899,-1,-1,-1
116,-1,1051.64,190.888,1102.44,279.778,0.835955,-1,-1,-1
116,-1,693.074,144.053,719.732,224.682,0.604709,-1,-1,-1
117,-1,429.58,170.017,472.914,244.894,0.942502,-1,-1,-1
117,-1,1141.65,190.549,1208.93,318.186,0.842515,-1,-1,-1
117,-1,1069.37,186.433,1119.21,254.59,0.800473,-1,-1,-1
117,-1,1202.69,183.704,1235.55,323.775,0.703244,-1,-1,-1
118,-1,428.476,173.412,466.087,265.238,0.936996,-1,-1,-1
118,-1,1193.95,187.832,1241,302.731,0.877901,-1,-1,-1
119,-1,409.173,180.197,446.138,260.379,0.954062,-1,-1,-1
119,-1,1201.47,215.699,1241,320.288,0.594523,-1,-1,-1
120,-1,404.907,179.213,446.129,252.824,0.975618,-1,-1,-1
121,-1,389.19,176.611,427.37,269.935,0.971872,-1,-1,-1
122,-1,378.278,180.08,420.183,279.237,0.981273,-1,-1,-1
122,-1,160.395,27.6246,228.176,103.49,0.500922,-1,-1,-1
123,-1,366.794,182.248,407.058,269.853,0.982248,-1,-1,-1
124,-1,331.305,177.676,388.084,282.082,0.979312,-1,-1,-1
125,-1,331.001,186.07,371.705,284.95,0.973544,-1,-1,-1
125,-1,68.9718,12.3975,133.294,103.228,0.561877,-1,-1,-1
126,-1,307.75,183.398,351.164,288.551,0.990048,-1,-1,-1
126,-1,37.1898,31.5933,98.7517,106.449,0.767372,-1,-1,-1
127,-1,287.344,183.826,336.368,306.297,0.995554,-1,-1,-1
128,-1,258.298,168.533,309.755,320.613,0.991281,-1,-1,-1
129,-1,222.324,186.188,285.116,333.596,0.991475,-1,-1,-1
130,-1,177.54,174.07,260.206,352.984,0.996939,-1,-1,-1
130,-1,2.14777,224.262,50.9437,363.679,0.655699,-1,-1,-1
131,-1,121.567,190.767,217.272,361.235,0.99472,-1,-1,-1
132,-1,72.3742,184.692,172.65,374,0.997209,-1,-1,-1
133,-1,7.21973,185.807,103.903,374,0.996676,-1,-1,-1
134,-1,0,229.627,41.559,352.332,0.880457,-1,-1,-1
136,-1,356.874,165.579,410.211,241.658,0.512292,-1,-1,-1
137,-1,351.774,164.633,401.474,243.22,0.897323,-1,-1,-1
140,-1,669.648,158.154,700.229,263.096,0.801207,-1,-1,-1
141,-1,666.608,160.913,699.789,266.972,0.856503,-1,-1,-1
141,-1,54.9989,146.933,135.091,280.665,0.686799,-1,-1,-1
142,-1,290.245,164.547,347.669,260.654,0.663914,-1,-1,-1
142,-1,24.1941,154.939,116.721,283.14,0.593657,-1,-1,-1
142,-1,665.24,151.881,702.523,251.607,0.586144,-1,-1,-1
143,-1,277.353,166.148,332.463,264.753,0.658156,-1,-1,-1
143,-1,666.062,154.296,705.609,253.174,0.575099,-1,-1,-1
144,-1,671.557,157.618,705.587,255.37,0.831121,-1,-1,-1
145,-1,685.127,150.786,720.519,252.001,0.801728,-1,-1,-1
146,-1,678.529,138.465,717.419,252.144,0.93515,-1,-1,-1
146,-1,238.131,164.101,290.677,271.902,0.810128,-1,-1,-1
147,-1,681.849,137.336,726.154,262.669,0.978636,-1,-1,-1
147,-1,225.964,170.877,274.574,278.432,0.687421,-1,-1,-1
148,-1,698.492,157.614,737.943,250.238,0.982514,-1,-1,-1
148,-1,213.108,167.015,266.539,276.267,0.534584,-1,-1,-1
149,-1,692.392,146.986,728.373,256.376,0.797954,-1,-1,-1
150,-1,717.899,160.513,758.571,253.415,0.808106,-1,-1,-1
151,-1,123.895,144.715,259.81,315.654,0.635357,-1,-1,-1
155,-1,762.805,164.8,809.344,241.055,0.837488,-1,-1,-1
156,-1,775.246,156.753,824.021,251.393,0.942456,-1,-1,-1
157,-1,787.602,151.027,831.458,241.434,0.790535,-1,-1,-1
159,-1,825.357,139.814,880.603,233.929,0.948262,-1,-1,-1
159,-1,22.6254,95.7438,74.9843,276.523,0.91908,-1,-1,-1
160,-1,838.417,141.004,888.977,239.534,0.971228,-1,-1,-1
161,-1,848.576,155.046,914.469,250.756,0.892591,-1,-1,-1
164,-1,907.89,148.663,965.063,255.158,0.601917,-1,-1,-1
167,-1,973.032,148.5,1048.63,251.998,0.85426,-1,-1,-1
168,-1,1005.92,162.111,1077.44,227.469,0.801743,-1,-1,-1
169,-1,1038.27,153.346,1110.79,274.451,0.931023,-1,-1,-1
169,-1,772.685,164.14,818.181,247.391,0.768753,-1,-1,-1
170,-1,1063.18,159.651,1125.15,255.141,0.938523,-1,-1,-1
170,-1,12.4721,150.995,53.1801,287.919,0.902885,-1,-1,-1
170,-1,776.218,176.594,821.087,248.118,0.887011,-1,-1,-1
171,-1,1088.48,163.083,1151.44,245.533,0.791439,-1,-1,-1
172,-1,776.771,155.819,818.813,245.727,0.699934,-1,-1,-1
172,-1,1117.13,173.701,1206.7,257.434,0.538594,-1,-1,-1
173,-1,1146.89,155.945,1212,254.779,0.884571,-1,-1,-1
173,-1,781.721,161.558,820.841,241.875,0.710794,-1,-1,-1
175,-1,779.007,153.793,819.288,237.878,0.766883,-1,-1,-1
176,-1,775.82,165.897,813.399,242.495,0.534864,-1,-1,-1
186,-1,728.838,167.551,777.632,255.767,0.562515,-1,-1,-1
194,-1,1202.27,2.72335,1238.61,175.342,0.747261,-1,-1,-1
209,-1,1031.59,158.009,1065.19,225.072,0.546391,-1,-1,-1
210,-1,7.59586,152.717,64.5712,276.878,0.89631,-1,-1,-1
212,-1,423.337,132.994,459.4,223.148,0.702123,-1,-1,-1
217,-1,1149.3,6.88287,1232.21,259.704,0.872819,-1,-1,-1
217,-1,743.41,160.671,774.712,236.965,0.749235,-1,-1,-1
218,-1,746.408,167.988,773.268,245.606,0.778755,-1,-1,-1
219,-1,746.615,164.223,777.399,249.353,0.938876,-1,-1,-1
220,-1,744.866,158.593,777.952,237.584,0.945277,-1,-1,-1
220,-1,32.0889,112.133,76.4756,216.482,0.849281,-1,-1,-1
221,-1,202.978,81.6005,266.39,214.696,0.983807,-1,-1,-1
221,-1,747.296,158.066,776.265,239.698,0.953587,-1,-1,-1
221,-1,1069.05,18.878,1141.37,236.746,0.654245,-1,-1,-1
222,-1,749.952,159.256,782.572,252.851,0.944545,-1,-1,-1
222,-1,820.592,170.876,850.655,269.839,0.915275,-1,-1,-1
222,-1,1091.24,22.2195,1159.29,226.726,0.742883,-1,-1,-1
223,-1,1121.1,23.8689,1189.6,167.647,0.978969,-1,-1,-1
223,-1,743.316,156.682,787.78,253.957,0.935283,-1,-1,-1
223,-1,813.065,177.605,860.076,274.773,0.757528,-1,-1,-1
224,-1,753.282,162.919,789.72,264.423,0.957852,-1,-1,-1
224,-1,1155.04,18.9005,1223.41,126.309,0.868863,-1,-1,-1
224,-1,833.783,171.407,868.841,245.878,0.749687,-1,-1,-1
225,-1,752.87,167.131,791.125,278.954,0.979896,-1,-1,-1
225,-1,836.513,160.934,884.009,271.276,0.947631,-1,-1,-1
226,-1,848.93,167.136,895.701,266.021,0.958642,-1,-1,-1
226,-1,762.547,166.013,805.091,270.731,0.940389,-1,-1,-1
226,-1,1035.29,263.386,1071.64,341.347,0.80857,-1,-1,-1
227,-1,867.116,165.974,921.903,272.702,0.983153,-1,-1,-1
227,-1,763.008,165.687,811.835,285.059,0.955689,-1,-1,-1
227,-1,1091.7,273.173,1142.65,363.541,0.94107,-1,-1,-1
228,-1,884.063,168.797,938.868,291.617,0.966363,-1,-1,-1
228,-1,775.605,183.413,834.423,289.972,0.922668,-1,-1,-1
228,-1,190.636,172.989,229.447,256.954,0.70316,-1,-1,-1
229,-1,796.623,179.422,864.021,310.664,0.983443,-1,-1,-1
229,-1,888.453,164.094,949.121,294.186,0.92885,-1,-1,-1
230,-1,908.26,160.666,991.909,308.936,0.987131,-1,-1,-1
230,-1,805.277,186.204,869.046,328.686,0.964056,-1,-1,-1
230,-1,95.8853,179.102,140.629,275.693,0.895001,-1,-1,-1
231,-1,927.601,154.257,1009.69,288.896,0.981265,-1,-1,-1
231,-1,825.259,199.538,885.437,325.116,0.873318,-1,-1,-1
231,-1,32.3089,177.426,72.8924,258.44,0.860498,-1,-1,-1
232,-1,967.049,152.231,1056.53,277.811,0.97631,-1,-1,-1
232,-1,842.744,183.591,904,344.292,0.934704,-1,-1,-1
233,-1,969.633,160.844,1095.75,330.924,0.991045,-1,-1,-1
233,-1,856.674,187.148,941.859,341.879,0.985386,-1,-1,-1
234,-1,1001.6,155.674,1148.33,329.436,0.989453,-1,-1,-1
234,-1,865.798,191.65,965.449,339.478,0.981338,-1,-1,-1
234,-1,981.814,170.099,1022.72,240.737,0.808623,-1,-1,-1
234,-1,571.601,168.56,604.475,213.164,0.581336,-1,-1,-1
235,-1,1050.71,149.068,1202.33,331.589,0.993495,-1,-1,-1
235,-1,899.05,193.56,1005.41,332.287,0.989993,-1,-1,-1
236,-1,1088.32,144.319,1241,340.01,0.996345,-1,-1,-1
236,-1,937.979,193.244,1078.32,358.128,0.995123,-1,-1,-1
236,-1,554.393,168.664,578.202,226.723,0.753856,-1,-1,-1
237,-1,1157.42,150.387,1241,332.215,0.98185,-1,-1,-1
237,-1,1032.7,192.79,1140,364.042,0.969277,-1,-1,-1
237,-1,995.15,170.25,1059.38,328.604,0.807417,-1,-1,-1
237,-1,548.218,158.808,575.507,222.81,0.788789,-1,-1,-1
238,-1,1087.67,193.401,1241,348.478,0.990944,-1,-1,-1
238,-1,1084.96,258.872,1145.68,347.383,0.675153,-1,-1,-1
238,-1,727.809,160.372,758.03,196.205,0.614434,-1,-1,-1
239,-1,726.624,158.613,757.672,221.954,0.935448,-1,-1,-1
239,-1,1057.59,163.642,1120.84,262.824,0.920546,-1,-1,-1
239,-1,536.173,159.557,564.143,217.685,0.751929,-1,-1,-1
239,-1,740.799,141.983,777.029,218.889,0.601723,-1,-1,-1
240,-1,733.079,158.122,761.424,223.047,0.935508,-1,-1,-1
240,-1,1079.73,154.081,1131.74,258.286,0.903437,-1,-1,-1
240,-1,725.896,145.935,747.756,204.321,0.621325,-1,-1,-1
240,-1,709.858,164.963,744.099,221.069,0.597203,-1,-1,-1
241,-1,1099.55,149.549,1150.02,277.011,0.967146,-1,-1,-1
241,-1,733.286,163.581,762.06,224.403,0.912349,-1,-1,-1
241,-1,721.328,149.423,748.469,207.448,0.902943,-1,-1,-1
241,-1,1069,155.385,1106.86,268.505,0.531945,-1,-1,-1
242,-1,1109.62,145.785,1165.67,278.081,0.991671,-1,-1,-1
242,-1,717.4,158.933,747.006,217.804,0.839761,-1,-1,-1
242,-1,730.852,150.569,762.038,207.004,0.81895,-1,-1,-1
242,-1,507.32,157.443,537.783,233.49,0.640482,-1,-1,-1
243,-1,1127.79,148.367,1190.76,277.587,0.991846,-1,-1,-1
243,-1,1061.3,285.853,1096.35,360.31,0.931746,-1,-1,-1
243,-1,716.172,157.937,744.848,218.35,0.809044,-1,-1,-1
244,-1,1141.92,147.567,1230.8,283.562,0.989916,-1,-1,-1
244,-1,488.526,184.149,523.865,230.36,0.913285,-1,-1,-1
244,-1,723.851,152.336,751.669,217.124,0.83084,-1,-1,-1
245,-1,1151.16,155.983,1235.69,283.435,0.987718,-1,-1,-1
245,-1,467.245,165.347,499.12,234.574,0.951001,-1,-1,-1
245,-1,484.452,169.22,514.604,240.99,0.892884,-1,-1,-1
245,-1,722.717,156.153,751.085,218.214,0.538622,-1,-1,-1
246,-1,1165.85,156.088,1241,301.042,0.992417,-1,-1,-1
246,-1,453.575,167.77,490.454,242.173,0.964131,-1,-1,-1
246,-1,483.066,175.418,515.583,237.037,0.610256,-1,-1,-1
247,-1,1204.97,159.08,1241,301.707,0.957313,-1,-1,-1
247,-1,440.078,168.471,485.958,236.061,0.955984,-1,-1,-1
247,-1,710.416,152.521,739.752,216.96,0.75219,-1,-1,-1
247,-1,462.393,185.955,499.001,258.799,0.684899,-1,-1,-1
248,-1,421.909,170.844,471.624,240.775,0.956269,-1,-1,-1
248,-1,453.037,168.279,485.367,233.602,0.848423,-1,-1,-1
248,-1,705.668,158.814,734.539,221.586,0.762172,-1,-1,-1
249,-1,415.212,172.261,454.292,252.702,0.971537,-1,-1,-1
250,-1,400.05,167.746,433.62,255.858,0.983079,-1,-1,-1
250,-1,454.303,175.788,481.914,242.334,0.655825,-1,-1,-1
250,-1,442.473,169.773,466.995,250.682,0.628369,-1,-1,-1
250,-1,938.813,259.91,974.131,352.422,0.51127,-1,-1,-1
251,-1,383.065,175.701,415.986,258.851,0.972503,-1,-1,-1
251,-1,447.075,172.835,481.986,249.148,0.929592,-1,-1,-1
251,-1,4.95443,170.045,61.8006,273.369,0.57978,-1,-1,-1
252,-1,357.318,177.272,410.804,270.79,0.972418,-1,-1,-1
252,-1,431.746,163.921,462.463,251.656,0.948996,-1,-1,-1
252,-1,1044.77,274.897,1086.82,353.604,0.672281,-1,-1,-1
253,-1,352.555,182.776,390.181,287.372,0.97589,-1,-1,-1
253,-1,425.128,175.112,456.782,265.1,0.960338,-1,-1,-1
253,-1,715.089,172.458,743.779,239.135,0.651369,-1,-1,-1
254,-1,330.035,169.976,371.234,294.846,0.986764,-1,-1,-1
254,-1,418.882,171.547,455.309,263.912,0.965278,-1,-1,-1
254,-1,353.023,182.801,384.061,282.435,0.838264,-1,-1,-1
254,-1,715.853,170.062,747.554,234.2,0.689233,-1,-1,-1
254,-1,400.107,174.223,430.565,260.296,0.640692,-1,-1,-1
255,-1,325.353,182.083,359.22,295.795,0.988289,-1,-1,-1
255,-1,393.499,173.681,457.46,268.316,0.968545,-1,-1,-1
255,-1,733.43,170.491,761.138,241.233,0.928253,-1,-1,-1
255,-1,703.272,156.603,746.72,246.934,0.518467,-1,-1,-1
256,-1,280.734,167.304,346.789,332.254,0.976393,-1,-1,-1
256,-1,388.824,179.316,429.082,269.099,0.960362,-1,-1,-1
256,-1,728.106,172.184,755.138,240.967,0.930659,-1,-1,-1
256,-1,742.247,175.146,774.77,245.353,0.820393,-1,-1,-1
256,-1,350.285,177.638,374.359,272.96,0.712589,-1,-1,-1
256,-1,709.038,161.154,738.154,246.517,0.609531,-1,-1,-1
256,-1,361.796,195.866,397.747,274.619,0.523863,-1,-1,-1
257,-1,259.61,172.072,314.24,344.262,0.98596,-1,-1,-1
257,-1,376.643,168.552,439.633,298.866,0.974033,-1,-1,-1
257,-1,737.123,178.364,765.974,247.14,0.965729,-1,-1,-1
257,-1,332.72,177.82,362.054,277.118,0.941755,-1,-1,-1
257,-1,351.939,185.804,382.721,270.216,0.879738,-1,-1,-1
258,-1,230.67,164.305,288.314,351.511,0.987946,-1,-1,-1
258,-1,370.259,176.136,421.001,288.047,0.98452,-1,-1,-1
258,-1,740.659,179.502,773.727,252.383,0.965123,-1,-1,-1
258,-1,318.375,181.483,350.972,283.647,0.944546,-1,-1,-1
258,-1,343.501,187.199,390.387,284.255,0.682397,-1,-1,-1
259,-1,187.389,160.529,269.177,365.679,0.995612,-1,-1,-1
259,-1,354.818,186.857,405.101,304.562,0.987106,-1,-1,-1
259,-1,748.369,173.915,796.635,252.21,0.970992,-1,-1,-1
259,-1,281.265,184.109,357.713,286.808,0.956821,-1,-1,-1
259,-1,334.713,183.04,370.672,295.958,0.654308,-1,-1,-1
260,-1,162.94,156.121,230.472,359.976,0.990253,-1,-1,-1
260,-1,343.693,185.962,386.757,310.856,0.981829,-1,-1,-1
260,-1,767.937,164.109,808.68,267.216,0.972264,-1,-1,-1
260,-1,387.074,182.446,417.933,279.999,0.922534,-1,-1,-1
260,-1,275.875,190.126,343.715,298.691,0.910076,-1,-1,-1
260,-1,746.481,169.377,785.993,259.806,0.892399,-1,-1,-1
260,-1,259.801,202.553,298.156,292.783,0.865787,-1,-1,-1
260,-1,405.08,175.687,438.711,267.335,0.807673,-1,-1,-1
260,-1,364.242,202.08,400.257,284.574,0.807427,-1,-1,-1
261,-1,103.159,155.393,193.934,374,0.994985,-1,-1,-1
261,-1,318.303,182.347,380.65,330.204,0.986252,-1,-1,-1
261,-1,385.918,176.987,420.179,285.819,0.96033,-1,-1,-1
261,-1,773.871,157.467,807.711,255.99,0.951058,-1,-1,-1
261,-1,236.281,187.807,287.798,304.844,0.940745,-1,-1,-1
261,-1,275.05,180.044,320.244,304.089,0.938168,-1,-1,-1
261,-1,789.233,167.506,833.91,252.243,0.807666,-1,-1,-1
261,-1,421.177,185.546,452.481,272.151,0.765841,-1,-1,-1
261,-1,361.539,170.863,392.61,302.293,0.662173,-1,-1,-1
262,-1,13.857,154.762,115.864,371.623,0.998218,-1,-1,-1
262,-1,307.137,164.439,371.079,343.884,0.988773,-1,-1,-1
262,-1,358.671,176.2,426.501,296.928,0.983096,-1,-1,-1
262,-1,786.945,156.473,824.491,262.54,0.946363,-1,-1,-1
262,-1,253.98,167.478,301.809,312.176,0.899118,-1,-1,-1
262,-1,809.822,160.33,847.649,260.68,0.89533,-1,-1,-1
262,-1,227.232,205.829,267.52,308.893,0.860756,-1,-1,-1
262,-1,118.987,205.096,203.762,346.702,0.700252,-1,-1,-1
262,-1,281.583,172.767,333.762,320.094,0.545158,-1,-1,-1
263,-1,274.703,166.873,344.086,354.651,0.990386,-1,-1,-1
263,-1,352.166,182.501,415.244,299.438,0.98353,-1,-1,-1
263,-1,826.087,152.183,869.462,266.239,0.970254,-1,-1,-1
263,-1,0,193.621,28.4905,374,0.905651,-1,-1,-1
263,-1,247.873,166.971,287.135,319.593,0.87922,-1,-1,-1
263,-1,198.029,206.649,239.993,314.98,0.823275,-1,-1,-1
263,-1,804.633,167.933,833.044,257.252,0.780067,-1,-1,-1
263,-1,88.5941,211.033,180.998,363.51,0.657282,-1,-1,-1
264,-1,235.805,169.335,318.106,374,0.992447,-1,-1,-1
264,-1,356.382,171.271,401.528,307.042,0.984711,-1,-1,-1
264,-1,858.507,164.884,899.342,280.489,0.978264,-1,-1,-1
264,-1,815.147,161.571,862.532,267.315,0.974777,-1,-1,-1
264,-1,334.395,179.427,376.075,293.034,0.768834,-1,-1,-1
264,-1,172.385,205.026,226.908,333.307,0.633278,-1,-1,-1
264,-1,414.056,187.358,445.317,273.759,0.567758,-1,-1,-1
265,-1,200.181,160.933,276.156,374,0.993649,-1,-1,-1
265,-1,330.664,179.779,407.914,323.174,0.993509,-1,-1,-1
265,-1,879.339,157.677,926.376,293.705,0.984376,-1,-1,-1
265,-1,838.766,167.124,880.139,277.006,0.979042,-1,-1,-1
265,-1,135.883,203.572,200.095,350.688,0.961891,-1,-1,-1
265,-1,411.428,187.132,447.313,278.329,0.699444,-1,-1,-1
266,-1,315.639,169.853,401.5,310.58,0.986442,-1,-1,-1
266,-1,117.23,169.492,240.902,368.28,0.986289,-1,-1,-1
266,-1,917.266,163.573,964.901,291.814,0.98106,-1,-1,-1
266,-1,848.22,154.55,903.577,294.331,0.973849,-1,-1,-1
266,-1,398.905,181.428,439.458,277.644,0.882594,-1,-1,-1
266,-1,91.5269,175.838,157.287,352.025,0.658584,-1,-1,-1
267,-1,311.293,177.343,386.581,350.29,0.990596,-1,-1,-1
267,-1,49.1775,153.919,168.242,361.938,0.988245,-1,-1,-1
267,-1,886.356,153.846,942.114,310.119,0.982418,-1,-1,-1
267,-1,945.605,165.018,1000.63,317.131,0.97729,-1,-1,-1
267,-1,399.417,173.84,446.218,289.698,0.955767,-1,-1,-1
268,-1,981.67,150.313,1046.69,317.892,0.99018,-1,-1,-1
268,-1,281.774,172.652,350.345,372.307,0.988705,-1,-1,-1
268,-1,915.221,157.592,964.62,317.03,0.986903,-1,-1,-1
268,-1,388.43,171.138,432.052,284.408,0.944123,-1,-1,-1
268,-1,0,164.965,69.4481,374,0.939403,-1,-1,-1
268,-1,51.1172,149.042,126.845,346.968,0.809931,-1,-1,-1
269,-1,248.099,171.142,331.405,359.951,0.995784,-1,-1,-1
269,-1,950.766,143.663,1016.7,346.083,0.991518,-1,-1,-1
269,-1,1030.93,150.482,1094.17,334.519,0.988191,-1,-1,-1
269,-1,382.375,182.728,417.126,285.427,0.987353,-1,-1,-1
269,-1,0,148.674,75.7108,343.539,0.91759,-1,-1,-1
270,-1,1071.99,150.582,1161.27,334.283,0.997984,-1,-1,-1
270,-1,188.461,170.503,300.955,374,0.996615,-1,-1,-1
270,-1,370.941,166.05,415.564,299.761,0.990507,-1,-1,-1
270,-1,984.627,146.298,1058.58,348.45,0.985605,-1,-1,-1
271,-1,125.698,168.015,246.077,366.384,0.997292,-1,-1,-1
271,-1,1043.27,144.287,1118.19,349.823,0.995562,-1,-1,-1
271,-1,1124.5,135.611,1218.31,366.703,0.995352,-1,-1,-1
271,-1,368.115,179.059,408.584,293.094,0.990766,-1,-1,-1
271,-1,956.969,283.239,998.284,359.329,0.867492,-1,-1,-1
272,-1,1100.12,148.413,1189.05,361.893,0.997709,-1,-1,-1
272,-1,25.3574,173.341,200.642,369.878,0.993104,-1,-1,-1
272,-1,348.809,167.361,392.647,312.737,0.986452,-1,-1,-1
272,-1,1031.35,294.167,1078.83,366.087,0.883653,-1,-1,-1
273,-1,336.611,184.93,402.699,307.46,0.992103,-1,-1,-1
273,-1,0,202.251,110.257,363.839,0.987768,-1,-1,-1
273,-1,1167.94,120.148,1241,352.23,0.968485,-1,-1,-1
273,-1,1120.28,133.994,1178.55,297.15,0.761864,-1,-1,-1
274,-1,326.776,166.191,374.407,334.713,0.989204,-1,-1,-1
275,-1,313.725,159.59,370.079,347.239,0.980691,-1,-1,-1
275,-1,428.799,179.554,452.977,234.679,0.700601,-1,-1,-1
276,-1,293.898,176.866,362.784,352.036,0.98294,-1,-1,-1
276,-1,423.209,184.767,456.203,231.4,0.872636,-1,-1,-1
276,-1,894.113,261.994,928.904,357.359,0.54221,-1,-1,-1
277,-1,286.244,172.611,359.527,353.311,0.991613,-1,-1,-1
277,-1,425.722,174.942,459.298,244.833,0.95333,-1,-1,-1
277,-1,936.417,279.657,976.823,352.277,0.880629,-1,-1,-1
278,-1,261.153,177.119,345.246,355.745,0.991823,-1,-1,-1
278,-1,415.58,177.018,446.26,234.402,0.935282,-1,-1,-1
278,-1,1001.66,288.921,1039.92,353.781,0.909994,-1,-1,-1
279,-1,224.474,176.76,315.073,366.537,0.9929,-1,-1,-1
279,-1,411.561,170.409,458.498,250.121,0.963964,-1,-1,-1
280,-1,188.618,188.464,290.732,365.712,0.995611,-1,-1,-1
280,-1,417.734,184.774,456.164,239.677,0.963148,-1,-1,-1
280,-1,404.118,173.938,432.813,234.848,0.809312,-1,-1,-1
281,-1,146.142,173.764,254.717,359.938,0.997764,-1,-1,-1
281,-1,417.539,172.846,452.052,246.718,0.968011,-1,-1,-1
281,-1,654.154,169.267,676.519,235.466,0.685171,-1,-1,-1
282,-1,94.9252,181.031,205.431,359.801,0.994727,-1,-1,-1
282,-1,1111.58,176.755,1155.67,277.219,0.976253,-1,-1,-1
282,-1,407.396,170.414,447.034,247.647,0.903771,-1,-1,-1
282,-1,664.093,170.998,686.628,239.643,0.838864,-1,-1,-1
282,-1,676.455,175.935,700.219,241.597,0.761758,-1,-1,-1
283,-1,34.9872,181.442,155.836,355.108,0.996622,-1,-1,-1
283,-1,1157.89,173.372,1214.56,302.072,0.990218,-1,-1,-1
283,-1,407.873,170.589,443.303,255.453,0.968264,-1,-1,-1
283,-1,666.693,177.268,696.513,252.303,0.881304,-1,-1,-1
283,-1,943.112,276.407,980.026,360.97,0.601262,-1,-1,-1
284,-1,2.3056,168.972,78.4609,359.055,0.980693,-1,-1,-1
284,-1,402.369,173.957,438.718,267.245,0.970643,-1,-1,-1
284,-1,1202.29,171.743,1239.22,277.677,0.942902,-1,-1,-1
284,-1,672.341,181.486,698.15,254.22,0.879868,-1,-1,-1
284,-1,1000.67,286.922,1043.08,352.031,0.852106,-1,-1,-1
284,-1,377.377,169.735,414.171,263.624,0.84341,-1,-1,-1
284,-1,1175.56,174.858,1221.86,287.395,0.750412,-1,-1,-1
284,-1,656.277,164.777,687.41,239.433,0.545114,-1,-1,-1
284,-1,685.519,176.278,715.933,251.923,0.520293,-1,-1,-1
285,-1,407.072,183.912,437.404,269.374,0.967929,-1,-1,-1
285,-1,678.5,177.904,703.635,244.985,0.891193,-1,-1,-1
285,-1,375.601,176.297,406.411,262.855,0.81621,-1,-1,-1
286,-1,402,171.401,438.925,267.752,0.948269,-1,-1,-1
286,-1,372.776,185.498,416.83,267.218,0.941249,-1,-1,-1
286,-1,685.719,169.211,710.719,238.938,0.836554,-1,-1,-1
286,-1,356.237,169.849,382.1,274.892,0.502446,-1,-1,-1
287,-1,382.2,169.216,426.162,280.434,0.962555,-1,-1,-1
287,-1,685.744,168.619,715.931,252.166,0.90929,-1,-1,-1
287,-1,117.872,156.455,187.319,310.665,0.828269,-1,-1,-1
287,-1,358.478,177.287,396.695,273.295,0.796863,-1,-1,-1
287,-1,298.513,191.716,333.247,289.136,0.546791,-1,-1,-1
288,-1,379.558,176.533,423.162,274.109,0.985118,-1,-1,-1
288,-1,685.498,170.709,725.42,256.482,0.955354,-1,-1,-1
288,-1,347.601,180.956,394.829,277.641,0.916242,-1,-1,-1
289,-1,352.771,181.339,401.334,292.699,0.976561,-1,-1,-1
289,-1,696.578,175.27,736.005,265.043,0.973994,-1,-1,-1
289,-1,327.524,167.37,365.751,285.425,0.935908,-1,-1,-1
289,-1,383.011,183.072,415.233,276.054,0.607614,-1,-1,-1
290,-1,701.503,174.212,746.061,269.59,0.977218,-1,-1,-1
290,-1,334.251,173.958,384.844,297.301,0.972404,-1,-1,-1
290,-1,302.983,172.456,342.632,293.536,0.957905,-1,-1,-1
291,-1,710.707,162.157,761.839,255.048,0.985023,-1,-1,-1
291,-1,324.613,161.662,370.622,318.163,0.98139,-1,-1,-1
291,-1,283.806,155.897,322.978,311.28,0.954754,-1,-1,-1
292,-1,299.932,173.658,360.783,310.291,0.986566,-1,-1,-1
292,-1,711.984,168.895,769.861,286.81,0.986247,-1,-1,-1
292,-1,265.002,162.16,304.811,324.596,0.945723,-1,-1,-1
292,-1,2.47835,183.727,49.0996,337.367,0.701458,-1,-1,-1
293,-1,730.622,166.431,772.019,272.038,0.992986,-1,-1,-1
293,-1,278.258,167.941,330.778,351.832,0.977351,-1,-1,-1
293,-1,225.542,163.03,289.302,344.376,0.969558,-1,-1,-1
294,-1,238.889,171.873,313.71,373.077,0.989214,-1,-1,-1
294,-1,743.581,162.022,781.978,291.343,0.980498,-1,-1,-1
294,-1,190.164,150.304,248.29,366.537,0.964528,-1,-1,-1
295,-1,192.999,165.579,270.853,372.508,0.990921,-1,-1,-1
295,-1,751.583,150.752,806.294,296.998,0.98052,-1,-1,-1
295,-1,135.54,164.036,213.398,360.905,0.973065,-1,-1,-1
296,-1,153.725,170.348,225.942,355.36,0.987147,-1,-1,-1
296,-1,65.0882,163.503,173.511,356.859,0.986131,-1,-1,-1
296,-1,774.806,152.108,824.347,313.158,0.971064,-1,-1,-1
296,-1,951.535,255.345,996.473,347.52,0.855575,-1,-1,-1
296,-1,441.497,169.742,478.232,240.59,0.530673,-1,-1,-1
297,-1,0,168.693,102.89,372.024,0.989294,-1,-1,-1
297,-1,65.5492,166.393,171.08,356.108,0.988989,-1,-1,-1
297,-1,785.775,159.995,856.95,315.06,0.986735,-1,-1,-1
297,-1,1019.98,267.994,1056.9,365.785,0.825747,-1,-1,-1
298,-1,808.753,150.202,871.151,339.214,0.992763,-1,-1,-1
298,-1,6.94198,170.145,85.7101,359.53,0.983411,-1,-1,-1
299,-1,837.695,146.985,909.315,353.2,0.992438,-1,-1,-1
299,-1,410.477,172.915,450.275,252.469,0.9082,-1,-1,-1
299,-1,771.552,164.779,795.887,225.783,0.658473,-1,-1,-1
300,-1,863.899,153.665,942.323,360.072,0.990634,-1,-1,-1
300,-1,404.738,171.805,442.173,254.866,0.949811,-1,-1,-1
301,-1,905.973,155.283,983.939,374,0.986792,-1,-1,-1
301,-1,390.952,163.706,427.835,270.64,0.862661,-1,-1,-1
301,-1,469.66,178.423,495.458,217.751,0.501759,-1,-1,-1
302,-1,954.335,150.098,1039.76,373.973,0.993714,-1,-1,-1
302,-1,370.043,173.604,417.626,275.213,0.978458,-1,-1,-1
302,-1,453.503,168.133,487.61,241.585,0.596527,-1,-1,-1
303,-1,1012.03,145.421,1121.37,367.175,0.997398,-1,-1,-1
303,-1,352.03,181.579,406.184,288.979,0.985487,-1,-1,-1
303,-1,448.573,169.72,484.847,245.74,0.920087,-1,-1,-1
303,-1,801.302,171.074,829.552,235.292,0.569454,-1,-1,-1
304,-1,1091.28,149.219,1227.75,371.109,0.99598,-1,-1,-1
304,-1,337.755,167.035,380.289,297.057,0.968231,-1,-1,-1
304,-1,810.048,177.765,840.131,246.506,0.830371,-1,-1,-1
304,-1,799.667,168.167,825.026,232.772,0.767143,-1,-1,-1
304,-1,439.003,162.844,468.899,259.156,0.735959,-1,-1,-1
305,-1,313.343,162.999,364.987,299.143,0.977254,-1,-1,-1
305,-1,414.801,158.338,451.436,262.551,0.965099,-1,-1,-1
305,-1,818.69,177.493,845.259,237.06,0.839437,-1,-1,-1
306,-1,280.549,157.348,343.269,313.492,0.987646,-1,-1,-1
306,-1,405.159,160.924,454.14,268.934,0.958376,-1,-1,-1
306,-1,831.648,173.131,858.179,236.311,0.878532,-1,-1,-1
306,-1,516.316,170.519,544.843,219.154,0.724819,-1,-1,-1
307,-1,241.139,155.885,316.768,338.04,0.987298,-1,-1,-1
307,-1,390.566,147.499,436.194,284.2,0.984194,-1,-1,-1
307,-1,829.996,171.355,862.435,238.313,0.939132,-1,-1,-1
307,-1,510.184,173.149,541.679,222.294,0.880532,-1,-1,-1
308,-1,176.39,175.51,260.879,347.558,0.992747,-1,-1,-1
308,-1,369.245,142.003,425.247,296.992,0.98585,-1,-1,-1
308,-1,849.774,166.33,878.848,239.598,0.94854,-1,-1,-1
308,-1,516.144,170.381,544.26,225.723,0.946733,-1,-1,-1
309,-1,96.734,168.428,220.232,362.258,0.997523,-1,-1,-1
309,-1,325.619,143.728,404.965,314.104,0.993719,-1,-1,-1
309,-1,859.148,169.824,885.755,236.821,0.971318,-1,-1,-1
309,-1,1029.16,272.173,1070.26,356.417,0.963938,-1,-1,-1
309,-1,510.043,167.028,540.412,225.802,0.782063,-1,-1,-1
310,-1,7.01126,169.193,131.144,361.374,0.996594,-1,-1,-1
310,-1,288.508,161.925,383.079,350.821,0.992015,-1,-1,-1
310,-1,866.484,172.178,896.154,248.458,0.945215,-1,-1,-1
310,-1,895.958,165.61,918.533,242.468,0.74512,-1,-1,-1
310,-1,1137.52,293.824,1181.9,362.436,0.602932,-1,-1,-1
311,-1,236.694,156.218,323.822,352.694,0.981525,-1,-1,-1
311,-1,877.54,176.385,917.886,254.501,0.948137,-1,-1,-1
311,-1,503.372,158.003,536.478,224.677,0.783279,-1,-1,-1
312,-1,163.34,145.559,277.241,365.703,0.991012,-1,-1,-1
312,-1,889.373,170.518,931.582,264.864,0.98,-1,-1,-1
312,-1,502.879,175.143,526.768,226.947,0.795426,-1,-1,-1
312,-1,916.845,179.866,947.338,271.512,0.663248,-1,-1,-1
313,-1,8.93084,134.474,192.626,374,0.994524,-1,-1,-1
313,-1,923.203,165.936,961.256,291.965,0.984273,-1,-1,-1
313,-1,488.419,171.469,512.788,230.738,0.82342,-1,-1,-1
313,-1,503.402,170.15,532.254,240.511,0.675651,-1,-1,-1
314,-1,925.711,165.002,981.193,266.483,0.976418,-1,-1,-1
314,-1,497.811,169.087,525.396,241.076,0.849182,-1,-1,-1
314,-1,963.404,265.075,999.87,359.668,0.845712,-1,-1,-1
315,-1,959.795,148.02,1003.52,273.963,0.984578,-1,-1,-1
315,-1,493.929,163.296,529.212,244.951,0.91011,-1,-1,-1
315,-1,1024.69,273.18,1067.45,350.156,0.721583,-1,-1,-1
315,-1,474.63,173.944,515.898,224.654,0.569714,-1,-1,-1
316,-1,965.677,157.11,1018.98,278.857,0.986207,-1,-1,-1
316,-1,1121.82,294.427,1169.1,363.305,0.904895,-1,-1,-1
316,-1,491.218,167.941,516.867,221.658,0.900074,-1,-1,-1
317,-1,1001.14,147.075,1049.15,279.757,0.993955,-1,-1,-1
317,-1,487.306,167.208,518.336,235.96,0.949142,-1,-1,-1
317,-1,473.062,170.857,495.606,228.286,0.534261,-1,-1,-1
318,-1,480.613,163.715,512.938,238.973,0.974545,-1,-1,-1
318,-1,1033.01,138.971,1082.97,306.435,0.973979,-1,-1,-1
318,-1,1182.28,187.804,1233.33,306.217,0.58722,-1,-1,-1
319,-1,473.899,171.879,507.067,241.831,0.984363,-1,-1,-1
319,-1,1061.17,142.256,1123.13,301.522,0.971774,-1,-1,-1
319,-1,902.021,252.252,935.164,355.57,0.730995,-1,-1,-1
320,-1,1103.17,123.046,1166.93,303.229,0.992873,-1,-1,-1
320,-1,471.279,169.68,508.433,250.903,0.96684,-1,-1,-1
320,-1,940.86,251.324,981.272,347.78,0.748324,-1,-1,-1
321,-1,1142.99,128.479,1222.14,324.708,0.997021,-1,-1,-1
321,-1,1006.92,270.843,1053.54,357.212,0.9663,-1,-1,-1
321,-1,475.259,181.725,516.1,233.708,0.909376,-1,-1,-1
321,-1,454.497,174.532,492.517,246.416,0.830912,-1,-1,-1
322,-1,461.625,177.086,499.624,233.684,0.947209,-1,-1,-1
322,-1,1098.1,282.902,1147.1,359.711,0.888505,-1,-1,-1
322,-1,451.09,170.898,474.317,238.27,0.531006,-1,-1,-1
323,-1,456.509,173.972,491.436,260.301,0.962425,-1,-1,-1
323,-1,446.165,170.341,471.885,243.674,0.786636,-1,-1,-1
323,-1,717.256,167.444,739.135,230.372,0.657731,-1,-1,-1
324,-1,454.607,176.149,487.604,254.586,0.969711,-1,-1,-1
324,-1,721.809,166.181,753.436,253.418,0.813505,-1,-1,-1
324,-1,708.285,166.812,732.89,234.747,0.672521,-1,-1,-1
325,-1,451.036,169.345,487.648,268.552,0.957983,-1,-1,-1
325,-1,428.608,169.982,467.58,265.12,0.950704,-1,-1,-1
325,-1,871.199,232.886,902.428,320.222,0.682499,-1,-1,-1
325,-1,734.644,159.226,758.089,228.712,0.656459,-1,-1,-1
326,-1,461.171,170.175,502.072,269.111,0.950082,-1,-1,-1
326,-1,428.045,182.475,465.951,259.731,0.94764,-1,-1,-1
326,-1,723.424,156.51,757.91,251.734,0.937426,-1,-1,-1
326,-1,908.902,259.693,949.572,359.868,0.667526,-1,-1,-1
327,-1,443.706,181.97,486.96,282.421,0.963885,-1,-1,-1
327,-1,966.047,254.725,1000.82,358.577,0.949458,-1,-1,-1
327,-1,727.295,170.056,759.938,239.764,0.941633,-1,-1,-1
327,-1,413.291,189.921,450.694,275.579,0.900128,-1,-1,-1
328,-1,445.179,178.668,490.691,280.697,0.976526,-1,-1,-1
328,-1,401.905,175.93,445.016,275.259,0.95474,-1,-1,-1
328,-1,731.34,155.799,776.003,251.325,0.944364,-1,-1,-1
328,-1,1018.98,267.07,1057.94,357.147,0.692851,-1,-1,-1
328,-1,713.213,154.013,749.895,237.221,0.63735,-1,-1,-1
329,-1,431.002,182.294,472.054,291.944,0.977423,-1,-1,-1
329,-1,1109.8,290.831,1155.49,359.466,0.962728,-1,-1,-1
329,-1,400.561,185.107,442.834,300.511,0.956826,-1,-1,-1
329,-1,751.616,162.83,779.779,251.984,0.855134,-1,-1,-1
330,-1,372.348,185.411,426.746,298.722,0.987169,-1,-1,-1
330,-1,420.694,181.594,469.96,301.264,0.98398,-1,-1,-1
330,-1,765.72,154.214,798.936,244.565,0.819916,-1,-1,-1
330,-1,741.972,162.649,772.645,256.992,0.749411,-1,-1,-1
331,-1,366.524,178.573,408.164,291.864,0.980361,-1,-1,-1
331,-1,409.838,183.261,458.105,296.783,0.977901,-1,-1,-1
331,-1,756.891,160.559,790.23,257.264,0.951641,-1,-1,-1
331,-1,383.191,161.983,436.225,321.493,0.666056,-1,-1,-1
332,-1,387.145,175.986,449.539,303.882,0.977244,-1,-1,-1
332,-1,756.721,158.201,803.782,263.797,0.972348,-1,-1,-1
332,-1,336.087,174.469,388.657,315.277,0.971069,-1,-1,-1
332,-1,903.998,242.009,938.111,346.033,0.908721,-1,-1,-1
332,-1,364.153,189.83,406.066,295.965,0.801974,-1,-1,-1
332,-1,736.224,161.3,774.12,254.363,0.639118,-1,-1,-1
332,-1,790.486,164.97,818.319,249.039,0.576139,-1,-1,-1
333,-1,372.902,174.728,431.368,331.736,0.973615,-1,-1,-1
333,-1,327.709,181.438,370.582,329.734,0.969587,-1,-1,-1
333,-1,774.81,155.308,818.785,272.497,0.967054,-1,-1,-1
333,-1,925.983,250.744,962.164,354.869,0.954166,-1,-1,-1
333,-1,890.311,164.288,939.702,242.8,0.719593,-1,-1,-1
333,-1,735.252,177.821,767.279,260.205,0.572984,-1,-1,-1
333,-1,751.414,167.325,788.052,273.054,0.513317,-1,-1,-1
334,-1,358.908,178.784,404.977,348.41,0.976653,-1,-1,-1
334,-1,785.701,156.787,835.173,286.623,0.966493,-1,-1,-1
334,-1,297.436,184.224,352.952,345.031,0.963153,-1,-1,-1
334,-1,983.883,274.369,1022.92,360.914,0.934036,-1,-1,-1
334,-1,906.268,166.464,948.894,238.952,0.675405,-1,-1,-1
334,-1,751.745,169.304,779.709,256.197,0.631305,-1,-1,-1
335,-1,333.381,174.275,396.635,360.146,0.980824,-1,-1,-1
335,-1,1041.34,289.099,1087.16,354.385,0.967167,-1,-1,-1
335,-1,803.931,161.956,846.202,292.15,0.930257,-1,-1,-1
335,-1,287.228,188.833,330.155,348.452,0.925312,-1,-1,-1
335,-1,759.365,169.854,801.2,259.581,0.834337,-1,-1,-1
335,-1,926.951,174.449,975.881,249.621,0.770715,-1,-1,-1
336,-1,303.844,186.132,378.86,355.464,0.97492,-1,-1,-1
336,-1,763.75,163.051,801.785,265.122,0.965448,-1,-1,-1
336,-1,815.529,155.97,858.462,285.475,0.912646,-1,-1,-1
336,-1,250.865,188.142,309.312,368.356,0.911233,-1,-1,-1
336,-1,933.369,175.704,968.559,248.318,0.884073,-1,-1,-1
336,-1,909.35,169.639,949.316,247.103,0.873233,-1,-1,-1
337,-1,272.205,177.33,346.602,371.815,0.982882,-1,-1,-1
337,-1,218.949,184.704,286.993,363.604,0.976111,-1,-1,-1
337,-1,832.8,147.343,877.337,285.011,0.961095,-1,-1,-1
337,-1,771.072,161.508,818.571,281.576,0.955929,-1,-1,-1
337,-1,931.261,169.554,964.137,254.719,0.928855,-1,-1,-1
337,-1,959.335,170.891,1001.52,239.897,0.913654,-1,-1,-1
338,-1,253.269,183.838,320.936,369.988,0.9912,-1,-1,-1
338,-1,850.6,146.943,899.122,300.955,0.958671,-1,-1,-1
338,-1,945.854,173.207,983.305,258.574,0.955694,-1,-1,-1
338,-1,775.959,154.401,843.114,274.466,0.915547,-1,-1,-1
338,-1,185.407,163.795,249.635,362.85,0.890077,-1,-1,-1
338,-1,976.132,180.582,1001.38,256.657,0.678133,-1,-1,-1
339,-1,215.437,170.402,293.515,360.968,0.992256,-1,-1,-1
339,-1,790.511,144.371,855.49,282.472,0.980998,-1,-1,-1
339,-1,869.466,148.92,921.601,344.519,0.950098,-1,-1,-1
339,-1,955.94,176.425,1000.02,258.078,0.934038,-1,-1,-1
339,-1,148.177,166.61,204.462,310.15,0.797657,-1,-1,-1
339,-1,982.711,173.075,1022.87,240.926,0.585985,-1,-1,-1
340,-1,800.019,139.713,865.704,302.675,0.98916,-1,-1,-1
340,-1,165.911,173.417,252.116,372.088,0.986945,-1,-1,-1
340,-1,881.722,140.292,927.685,310.723,0.983809,-1,-1,-1
340,-1,993.422,167.396,1039.94,269.811,0.940571,-1,-1,-1
340,-1,92.4337,160.702,176.722,335.061,0.885339,-1,-1,-1
